13 776 5 2.0 1230793200
44 1464 6 4.0 1230793200
400 6176 5 4.0 1230793200
521 1658 3 1.0 1230793200
1109 3206 6 4.0 1230793200
13 775 5 4.0 1230879600
44 1462 6 4.0 1230879600
44 1463 6 3.0 1230879600
871 8172 4 4.0 1230879600
13 774 3 5.0 1230966000
46 1482 2 5.0 1230966000
116 28 3 5.0 1230966000
521 8593 6 5.0 1230966000
280 479 4 5.0 1231052400
19 917 5 4.0 1231138800
274 6304 6 4.0 1231138800
274 2404 6 4.0 1231138800
515 2833 6 4.0 1231138800
276 6335 4 5.0 1231225200
553 186 6 5.0 1231225200
188 421 6 5.0 1231311600
325 2039 6 5.0 1231311600
14 860 4 5.0 1231398000
20 923 6 4.0 1231398000
116 2727 2 5.0 1231398000
10 506 3 5.0 1231484400
10 508 3 5.0 1231484400
137 188 5 5.0 1231484400
188 2975 6 5.0 1231484400
633 6761 6 5.0 1231484400
639 2879 5 3.0 1231484400
461 1623 5 4.0 1231570800
13 773 5 4.0 1231657200
195 2724 6 4.0 1231657200
306 1476 4 5.0 1231657200
306 992 1 5.0 1231657200
306 1604 4 5.0 1231657200
515 8785 6 4.0 1231743600
569 9240 5 5.0 1231743600
639 1930 5 5.0 1231743600
410 7811 4 5.0 1231830000
438 8032 6 4.0 1231830000
159 961 6 5.0 1231916400
515 8783 6 5.0 1231916400
521 186 6 5.0 1231916400
553 992 1 5.0 1231916400
1483 1851 3 4.0 1231916400
46 925 4 5.0 1232002800
299 6648 5 5.0 1232002800
386 3411 6 5.0 1232002800
386 7501 6 5.0 1232002800
453 2373 1 4.0 1232002800
639 4405 5 5.0 1232002800
1483 9919 2 5.0 1232002800
13 772 5 5.0 1232089200
52 1623 5 3.0 1232089200
202 4619 5 3.0 1232089200
309 6753 4 5.0 1232089200
310 5917 6 3.0 1232089200
386 7500 6 5.0 1232089200
135 1585 6 5.0 1232175600
171 1585 6 4.0 1232175600
247 5123 3 4.0 1232175600
247 412 4 3.0 1232175600
274 1765 6 5.0 1232175600
306 6711 4 5.0 1232175600
310 1590 6 4.0 1232175600
321 2811 6 5.0 1232175600
420 7876 6 5.0 1232175600
420 7877 6 5.0 1232175600
465 248 5 5.0 1232175600
386 3447 6 4.0 1232262000
392 5965 6 2.0 1232262000
1483 8804 3 4.0 1232262000
20 922 3 5.0 1232348400
392 66 6 5.0 1232348400
424 2145 3 5.0 1232348400
1220 8014 4 4.0 1232434800
13 771 1 3.0 1232521200
16 883 1 5.0 1232521200
40 1426 2 5.0 1232521200
386 7498 6 5.0 1232521200
392 406 1 5.0 1232521200
20 871 2 5.0 1232607600
108 143 5 4.0 1232607600
226 4905 6 4.0 1232607600
310 3928 6 5.0 1232607600
1109 12478 6 3.0 1232607600
1569 1186 6 3.0 1232607600
248 1095 2 2.0 1232694000
364 194 5 5.0 1232694000
1222 2356 2 5.0 1232694000
137 3327 2 5.0 1232780400
234 2679 6 5.0 1232780400
420 7875 1 3.0 1232780400
1109 12477 6 2.0 1232780400
35 1176 2 5.0 1232866800
321 6872 1 5.0 1232866800
165 890 6 5.0 1232953200
223 4896 2 5.0 1232953200
248 5533 2 4.0 1232953200
420 6430 6 5.0 1232953200
1109 12476 6 4.0 1232953200
11 512 5 5.0 1233039600
299 6647 2 5.0 1233039600
310 5994 6 2.0 1233039600
37 1201 3 4.0 1233126000
342 186 6 5.0 1233126000
420 7873 1 5.0 1233126000
420 7874 6 5.0 1233126000
580 376 6 5.0 1233126000
1225 6752 4 5.0 1233126000
223 2740 2 5.0 1233212400
551 3070 5 4.0 1233212400
137 1551 3 5.0 1233298800
202 4618 2 2.0 1233298800
274 3353 6 2.0 1233298800
302 186 6 5.0 1233298800
304 4532 2 5.0 1233298800
420 4555 1 5.0 1233298800
451 858 1 3.0 1233298800
1109 12475 6 4.0 1233298800
79 2041 6 5.0 1233385200
79 2042 6 3.0 1233385200
165 1922 5 5.0 1233385200
309 6752 4 5.0 1233385200
451 28 3 5.0 1233385200
515 477 4 4.0 1233385200
541 1449 6 5.0 1233385200
1614 11109 3 5.0 1233385200
1614 121 4 5.0 1233385200
1139 7627 4 4.0 1233471600
64 1851 3 4.0 1233558000
142 1025 6 5.0 1233558000
473 266 5 5.0 1233558000
104 2472 1 5.0 1233644400
248 4091 5 4.0 1233644400
299 1424 1 5.0 1233644400
410 1507 2 5.0 1233644400
461 96 3 4.0 1233644400
536 3371 2 5.0 1233730800
248 5527 5 5.0 1233817200
313 5412 2 5.0 1233817200
541 427 6 5.0 1233817200
358 7263 3 5.0 1233903600
79 2039 6 5.0 1233990000
274 6303 6 5.0 1233990000
396 7571 3 5.0 1233990000
396 7612 3 2.0 1233990000
99 2358 5 2.0 1234076400
190 82 5 5.0 1234076400
279 5010 6 5.0 1234076400
396 1517 3 5.0 1234076400
420 7872 1 5.0 1234076400
1465 6832 6 5.0 1234076400
281 6511 1 5.0 1234162800
396 7081 3 5.0 1234162800
396 4259 3 5.0 1234162800
451 32 1 2.0 1234162800
274 2770 6 4.0 1234249200
451 423 6 5.0 1234249200
97 2327 3 5.0 1234335600
281 1252 5 4.0 1234335600
438 3146 6 3.0 1234335600
444 1185 6 5.0 1234335600
481 8578 6 3.0 1234335600
481 8579 6 5.0 1234335600
481 8580 6 4.0 1234335600
1222 8323 5 5.0 1234335600
1222 437 5 5.0 1234335600
147 2909 5 3.0 1234422000
310 66 6 5.0 1234508400
310 507 6 5.0 1234508400
396 4041 3 5.0 1234508400
321 3059 6 5.0 1234594800
396 96 3 5.0 1234594800
396 7601 6 5.0 1234594800
94 2306 2 4.0 1234681200
187 792 5 5.0 1234681200
188 2835 6 5.0 1234681200
280 6423 6 5.0 1234681200
280 6306 6 5.0 1234681200
17 897 6 5.0 1234767600
190 1493 1 3.0 1234767600
321 2607 1 5.0 1234767600
396 2619 2 5.0 1234767600
465 8313 5 5.0 1234767600
484 5010 6 4.0 1234767600
484 4328 6 4.0 1234767600
484 4626 4 5.0 1234767600
484 6832 6 5.0 1234767600
484 6906 1 5.0 1234767600
639 4937 5 5.0 1234767600
663 865 5 2.0 1234767600
989 8626 6 4.0 1234767600
1222 1111 2 5.0 1234767600
1222 5778 2 5.0 1234767600
1912 2373 1 4.0 1234767600
1944 6655 2 5.0 1234767600
40 1424 1 4.0 1234854000
79 2037 6 5.0 1234854000
299 68 1 5.0 1234854000
1222 1501 2 5.0 1234854000
1222 3813 2 5.0 1234854000
129 767 5 5.0 1234940400
280 4900 6 5.0 1234940400
484 8596 6 5.0 1234940400
1109 8040 6 3.0 1234940400
1912 4430 6 3.0 1234940400
1912 9016 5 5.0 1234940400
280 6419 6 4.0 1235026800
280 6421 6 4.0 1235026800
423 1121 2 5.0 1235026800
1239 7509 4 5.0 1235026800
99 1078 2 5.0 1235113200
248 5515 2 5.0 1235113200
280 6418 6 4.0 1235113200
386 7490 6 5.0 1235113200
423 963 2 5.0 1235113200
423 6796 2 5.0 1235113200
423 7950 2 5.0 1235113200
553 3821 2 5.0 1235113200
190 4397 1 3.0 1235199600
423 3821 2 5.0 1235199600
423 5437 2 5.0 1235199600
423 2555 2 5.0 1235199600
423 5749 2 5.0 1235199600
423 6537 5 5.0 1235199600
493 2719 3 5.0 1235199600
493 7 1 5.0 1235199600
1125 995 6 5.0 1235199600
135 3059 6 1.0 1235286000
171 3926 6 4.0 1235286000
281 6509 1 2.0 1235286000
396 7595 2 4.0 1235286000
514 7298 5 5.0 1235286000
514 4626 4 3.0 1235286000
1125 9857 6 4.0 1235286000
1125 425 6 5.0 1235286000
1220 2740 2 5.0 1235286000
1914 3583 2 5.0 1235286000
1914 423 6 5.0 1235286000
40 1423 1 5.0 1235372400
190 2728 5 5.0 1235372400
280 5984 6 4.0 1235372400
299 2924 2 5.0 1235372400
321 856 1 5.0 1235372400
386 7440 6 5.0 1235372400
478 3365 5 5.0 1235372400
982 408 1 1.0 1235372400
1914 4626 4 4.0 1235372400
1914 12080 1 5.0 1235372400
514 1738 5 5.0 1235458800
639 2909 5 3.0 1235458800
642 4783 5 2.0 1235458800
642 793 5 2.0 1235458800
1239 8 1 3.0 1235458800
13 770 5 3.0 1235545200
30 1131 5 5.0 1235545200
94 2305 2 4.0 1235545200
277 6361 6 2.0 1235545200
478 995 6 5.0 1235545200
955 1281 5 4.0 1235545200
1239 858 1 1.0 1235545200
280 983 4 5.0 1235631600
438 2042 6 1.0 1235631600
478 6783 5 5.0 1235631600
484 992 1 5.0 1235631600
585 412 4 5.0 1235631600
84 2188 5 5.0 1235718000
960 2531 2 5.0 1235718000
41 1449 6 5.0 1235804400
280 1132 4 4.0 1235804400
423 3102 5 5.0 1235804400
493 91 3 5.0 1235804400
639 9315 6 4.0 1235804400
672 1189 2 5.0 1235804400
99 1102 2 5.0 1235890800
99 2356 2 5.0 1235890800
280 870 4 5.0 1235890800
307 6390 6 3.0 1235890800
420 2778 6 5.0 1235890800
420 410 1 5.0 1235890800
493 7509 4 4.0 1235890800
21 377 2 5.0 1235977200
495 4733 6 5.0 1235977200
420 423 6 5.0 1236063600
553 32 1 4.0 1236063600
1239 10895 2 4.0 1236063600
40 1421 1 5.0 1236150000
230 4204 2 5.0 1236150000
335 3325 2 3.0 1236150000
1239 13270 2 5.0 1236150000
274 2811 6 4.0 1236236400
277 6354 6 4.0 1236236400
310 6761 6 3.0 1236236400
460 8151 6 5.0 1236236400
639 9471 5 5.0 1236236400
423 399 1 5.0 1236322800
423 3813 2 5.0 1236322800
423 4386 1 4.0 1236409200
1137 1583 5 5.0 1236495600
277 6351 6 4.0 1236582000
280 66 6 4.0 1236582000
1137 2373 1 4.0 1236582000
1137 5751 5 5.0 1236582000
1137 4234 2 5.0 1236582000
84 2182 5 5.0 1236668400
280 5960 6 3.0 1236668400
484 8593 6 3.0 1236668400
187 4304 3 4.0 1236754800
230 2337 2 4.0 1236754800
258 1060 5 5.0 1236754800
1137 9220 5 4.0 1236754800
13 298 5 5.0 1236841200
180 4149 4 4.0 1236841200
409 195 5 5.0 1236841200
84 2175 3 5.0 1236927600
180 4122 4 4.0 1236927600
234 1786 6 1.0 1236927600
308 2020 6 4.0 1236927600
129 2916 2 5.0 1237014000
281 3100 1 5.0 1237014000
289 1277 1 5.0 1237014000
445 3626 1 5.0 1237014000
460 2660 6 5.0 1237014000
396 1514 3 2.0 1237100400
10 507 6 5.0 1237186800
223 2429 1 3.0 1237186800
410 1189 2 5.0 1237186800
590 8991 1 5.0 1237186800
1605 11426 2 5.0 1237186800
1605 3419 2 5.0 1237186800
62 1786 6 3.0 1237273200
62 1787 6 5.0 1237273200
281 6508 1 5.0 1237273200
465 3920 5 5.0 1237273200
488 3144 6 4.0 1237273200
563 186 6 5.0 1237273200
230 4939 2 4.0 1237359600
248 5501 5 4.0 1237359600
326 6940 2 5.0 1237359600
563 2724 6 3.0 1237359600
563 353 4 2.0 1237359600
563 899 6 5.0 1237359600
563 375 6 3.0 1237359600
1254 4626 4 4.0 1237359600
1483 383 1 5.0 1237359600
79 1187 4 5.0 1237446000
248 369 2 5.0 1237446000
326 159 1 5.0 1237446000
553 9052 5 5.0 1237446000
927 1585 6 5.0 1237446000
1483 3835 2 5.0 1237446000
142 266 5 5.0 1237532400
202 658 5 5.0 1237532400
35 1167 2 5.0 1237618800
274 424 1 5.0 1237618800
326 2807 5 5.0 1237618800
368 7344 4 2.0 1237618800
116 2724 6 5.0 1237705200
258 6125 5 4.0 1237705200
275 5887 6 3.0 1237705200
275 789 6 2.0 1237705200
381 1167 2 5.0 1237705200
647 4598 1 4.0 1237705200
647 9950 1 5.0 1237705200
1015 9296 5 5.0 1237705200
129 2915 5 3.0 1237791600
275 995 6 4.0 1237791600
563 1977 2 5.0 1237791600
647 9949 1 4.0 1237791600
647 1598 1 5.0 1237791600
657 1528 6 5.0 1237791600
280 1973 6 4.0 1237878000
466 8417 5 3.0 1237878000
521 8764 2 5.0 1237878000
647 531 1 4.0 1237878000
444 6000 6 5.0 1237964400
486 397 2 5.0 1237964400
647 923 6 4.0 1237964400
62 1785 6 4.0 1238050800
211 4735 6 4.0 1238050800
627 9651 3 5.0 1238050800
644 1627 2 4.0 1238050800
754 539 4 4.0 1238050800
1194 4153 6 4.0 1238050800
275 1586 6 4.0 1238137200
306 6709 1 4.0 1238137200
478 8557 5 4.0 1238137200
553 1454 2 5.0 1238137200
1225 8622 2 4.0 1238137200
303 2303 1 4.0 1238223600
423 5789 2 5.0 1238223600
493 2815 2 5.0 1238223600
628 1586 6 5.0 1238223600
1220 192 1 5.0 1238223600
275 225 6 4.0 1238310000
404 3717 5 2.0 1238310000
647 858 1 3.0 1238310000
250 5891 1 5.0 1238396400
438 7440 6 4.0 1238396400
444 1892 6 5.0 1238396400
647 424 1 4.0 1238396400
1806 11324 4 5.0 1238396400
13 767 5 4.0 1238482800
129 2914 5 4.0 1238482800
423 3325 2 3.0 1238482800
1109 12462 6 2.0 1238482800
184 2034 4 5.0 1238569200
13 766 5 5.0 1238655600
116 899 6 4.0 1238655600
142 1574 5 5.0 1238655600
248 5494 5 5.0 1238655600
323 6894 3 4.0 1238655600
465 4622 3 5.0 1238655600
647 1491 1 4.0 1238655600
274 355 6 4.0 1238742000
275 2137 6 4.0 1238742000
99 2351 2 4.0 1238828400
274 420 6 4.0 1238828400
280 6001 6 1.0 1238828400
135 1501 2 5.0 1238914800
248 5449 5 5.0 1238914800
513 4806 2 4.0 1238914800
784 2811 6 5.0 1238914800
1109 3123 6 3.0 1238914800
274 1217 6 4.0 1239001200
478 4783 5 5.0 1239001200
13 764 5 2.0 1239087600
13 765 5 5.0 1239087600
275 1938 6 4.0 1239087600
553 112 6 5.0 1239087600
275 423 6 5.0 1239174000
135 559 3 5.0 1239346800
274 2724 6 4.0 1239346800
478 404 5 1.0 1239346800
1109 10864 6 3.0 1239346800
211 1880 6 4.0 1239433200
250 5889 1 4.0 1239433200
200 4472 2 3.0 1239519600
478 8555 5 5.0 1239519600
890 10377 6 4.0 1239519600
1137 13 1 5.0 1239519600
395 7573 3 4.0 1239606000
2194 5019 6 5.0 1239606000
1806 186 6 4.0 1239692400
13 760 1 4.0 1239778800
35 1174 2 5.0 1239778800
696 1185 6 4.0 1239778800
696 965 6 5.0 1239778800
1137 2907 5 4.0 1239778800
1137 383 1 4.0 1239778800
129 2404 6 2.0 1239865200
171 3059 6 3.0 1239865200
190 4396 1 4.0 1239865200
275 1907 6 3.0 1239865200
395 2712 2 5.0 1239865200
395 7571 3 5.0 1239865200
696 8799 6 4.0 1239865200
1137 192 1 4.0 1239865200
1137 856 1 4.0 1239865200
1743 7751 1 5.0 1239865200
1743 9956 5 4.0 1239865200
275 4156 6 4.0 1239951600
404 7707 5 5.0 1240038000
1222 159 1 5.0 1240038000
13 417 5 1.0 1240124400
190 400 5 5.0 1240124400
274 4795 6 3.0 1240124400
460 8150 6 5.0 1240124400
2284 10249 3 5.0 1240124400
190 13 1 4.0 1240210800
696 2833 6 4.0 1240210800
165 2356 2 5.0 1240297200
248 5488 5 4.0 1240297200
423 5603 2 5.0 1240297200
481 5015 6 1.0 1240383600
1483 5533 2 5.0 1240383600
13 34 1 5.0 1240470000
142 3388 3 4.0 1240470000
165 1115 2 5.0 1240470000
274 13 1 4.0 1240470000
116 2723 2 4.0 1240556400
275 6317 6 5.0 1240556400
274 3928 6 4.0 1240642800
1137 10260 1 3.0 1240642800
1222 4463 2 5.0 1240642800
1137 387 2 5.0 1240729200
84 1850 3 4.0 1240815600
226 3396 5 4.0 1240815600
423 373 2 2.0 1240815600
7 427 6 5.0 1240902000
7 428 6 4.0 1240902000
7 429 6 4.0 1240902000
7 430 6 4.0 1240902000
7 431 6 4.0 1240902000
326 6688 2 5.0 1240902000
397 6743 4 4.0 1240902000
1569 11489 6 5.0 1240902000
137 3325 2 4.0 1240988400
326 25 1 5.0 1240988400
400 5975 6 1.0 1240988400
419 7868 2 5.0 1240988400
438 4335 6 2.0 1240988400
473 3623 5 4.0 1241161200
13 759 2 5.0 1241247600
187 4303 5 4.0 1241247600
46 13 1 4.0 1241334000
696 2973 2 5.0 1241334000
187 524 2 4.0 1241420400
250 992 1 5.0 1241420400
400 5968 6 5.0 1241420400
187 1255 5 4.0 1241506800
387 4974 1 2.0 1241593200
387 7509 4 3.0 1241593200
465 3745 5 5.0 1241593200
137 3324 2 5.0 1241679600
387 2429 1 4.0 1241679600
1137 4318 2 5.0 1241679600
960 1111 2 5.0 1241766000
84 2173 5 5.0 1241852400
696 10295 6 5.0 1241852400
387 435 2 5.0 1241938800
249 4691 4 5.0 1242025200
46 1478 2 4.0 1242111600
295 899 6 5.0 1242111600
326 88 1 5.0 1242111600
454 3920 5 5.0 1242111600
486 357 2 5.0 1242111600
646 5071 1 5.0 1242111600
200 4471 2 4.0 1242198000
234 4987 1 5.0 1242198000
249 1613 3 2.0 1242198000
295 121 4 5.0 1242198000
389 7327 5 5.0 1242198000
553 4318 2 5.0 1242198000
927 5040 6 3.0 1242198000
1492 6610 6 5.0 1242198000
1492 376 6 5.0 1242198000
1492 427 6 5.0 1242198000
1492 4153 6 2.0 1242198000
7 426 5 5.0 1242284400
423 7948 2 5.0 1242284400
1492 12782 6 5.0 1242284400
1492 2811 6 4.0 1242284400
1492 9571 6 2.0 1242284400
7 159 1 4.0 1242370800
7 425 6 5.0 1242370800
1492 1457 6 5.0 1242370800
1492 1472 6 5.0 1242370800
1492 10854 6 5.0 1242370800
1492 10710 6 4.0 1242370800
1848 2033 6 3.0 1242370800
7 424 1 5.0 1242457200
488 8622 2 5.0 1242457200
696 1145 2 5.0 1242457200
248 1129 5 5.0 1242543600
295 860 4 5.0 1242543600
696 10294 5 3.0 1242543600
1494 1914 6 4.0 1242543600
171 2769 6 4.0 1242630000
10 504 6 5.0 1242716400
190 4393 1 4.0 1242716400
275 2833 6 4.0 1242802800
460 1475 6 5.0 1242802800
486 4497 2 5.0 1242802800
647 6765 1 5.0 1242802800
1494 1185 6 3.0 1242802800
190 4392 1 5.0 1242889200
7 186 6 5.0 1242975600
7 423 6 5.0 1242975600
35 1170 2 4.0 1242975600
275 4942 6 5.0 1242975600
313 2734 2 5.0 1242975600
484 1528 6 4.0 1242975600
7 421 6 5.0 1243062000
7 422 1 5.0 1243062000
465 5875 5 5.0 1243062000
696 402 2 5.0 1243148400
1239 375 6 5.0 1243148400
2036 2481 6 5.0 1243148400
135 13 1 4.0 1243234800
295 2041 6 5.0 1243234800
639 708 5 5.0 1243234800
88 1602 6 3.0 1243321200
222 4857 3 4.0 1243321200
579 482 1 5.0 1243321200
12 396 1 5.0 1243407600
478 2598 5 5.0 1243407600
9 482 1 5.0 1243494000
202 1580 5 5.0 1243494000
644 992 1 5.0 1243494000
644 186 6 5.0 1243494000
878 10810 3 4.0 1243494000
878 3824 2 5.0 1243580400
142 3396 5 5.0 1243666800
233 1186 6 4.0 1243666800
233 2404 6 5.0 1243666800
233 1765 6 5.0 1243666800
233 1185 6 5.0 1243666800
233 4974 1 4.0 1243666800
233 4975 3 5.0 1243666800
233 28 3 1.0 1243666800
233 899 6 5.0 1243666800
233 386 6 5.0 1243666800
233 2811 6 5.0 1243666800
233 4978 3 5.0 1243666800
233 2481 6 5.0 1243666800
233 423 6 5.0 1243666800
233 2417 4 4.0 1243666800
248 753 5 4.0 1243666800
50 1587 6 1.0 1243753200
628 503 6 4.0 1243753200
878 387 2 5.0 1243753200
50 1586 6 5.0 1243839600
386 5019 6 5.0 1243839600
12 546 1 4.0 1243926000
217 1426 2 4.0 1243926000
384 375 6 4.0 1243926000
384 7456 6 5.0 1243926000
1819 12931 2 5.0 1243926000
26 1007 2 5.0 1244012400
165 2299 3 4.0 1244012400
1494 885 6 4.0 1244012400
384 6193 6 5.0 1244098800
384 3241 6 5.0 1244098800
7 417 5 1.0 1244185200
7 418 1 4.0 1244185200
7 419 1 5.0 1244185200
7 420 6 5.0 1244185200
12 545 1 4.0 1244185200
87 413 2 5.0 1244185200
645 1520 2 5.0 1244358000
645 303 5 4.0 1244358000
645 9927 3 2.0 1244358000
645 633 5 2.0 1244358000
386 7484 6 4.0 1244444400
423 7946 5 5.0 1244444400
645 9944 2 2.0 1244444400
645 8557 5 4.0 1244444400
645 4620 5 4.0 1244444400
645 838 5 4.0 1244444400
645 9945 5 5.0 1244444400
661 8500 5 5.0 1244444400
661 4751 5 5.0 1244444400
661 793 5 5.0 1244444400
661 28 3 5.0 1244444400
7 414 6 5.0 1244530800
7 415 6 4.0 1244530800
7 416 1 4.0 1244530800
7 20 1 5.0 1244530800
9 479 4 5.0 1244530800
36 186 6 4.0 1244530800
217 4807 2 5.0 1244530800
248 3713 5 4.0 1244530800
281 6505 1 5.0 1244530800
645 278 5 5.0 1244530800
945 448 3 3.0 1244530800
6 305 5 5.0 1244617200
6 306 5 5.0 1244617200
6 307 5 5.0 1244617200
219 4821 2 5.0 1244617200
219 4822 4 5.0 1244617200
384 3271 6 5.0 1244617200
645 248 5 3.0 1244617200
6 302 5 5.0 1244703600
6 303 5 3.0 1244703600
6 304 5 5.0 1244703600
129 80 5 4.0 1244703600
384 3273 6 5.0 1244703600
423 5790 2 5.0 1244703600
460 502 6 4.0 1244703600
825 853 1 4.0 1244703600
1743 15239 5 5.0 1244703600
13 756 5 5.0 1244790000
447 16 1 2.0 1244790000
447 856 1 5.0 1244790000
447 14 1 3.0 1244790000
1492 2032 4 4.0 1244790000
1492 7641 6 2.0 1244790000
1492 410 1 5.0 1244790000
1492 10861 6 3.0 1244790000
1743 1006 2 5.0 1244790000
1743 6532 5 4.0 1244790000
1743 3699 5 4.0 1244790000
6 297 5 5.0 1244876400
6 298 5 1.0 1244876400
6 299 5 3.0 1244876400
7 412 4 5.0 1244876400
7 13 1 5.0 1244876400
50 1585 6 5.0 1244876400
280 3048 3 4.0 1244876400
645 186 6 4.0 1244876400
9 477 4 4.0 1245049200
187 4296 5 4.0 1245049200
219 4817 2 4.0 1245049200
41 1448 4 5.0 1245135600
233 2687 4 4.0 1245135600
426 7970 6 5.0 1245135600
512 4401 2 4.0 1245135600
512 2923 2 5.0 1245135600
50 897 6 3.0 1245222000
478 2921 5 5.0 1245222000
142 306 5 5.0 1245308400
215 4796 2 5.0 1245308400
404 7703 5 5.0 1245308400
1492 9573 6 5.0 1245308400
1495 2925 2 5.0 1245308400
1495 392 2 4.0 1245308400
2036 2039 6 5.0 1245308400
219 4816 2 5.0 1245394800
447 6349 6 5.0 1245394800
645 4772 5 5.0 1245394800
645 7751 1 5.0 1245394800
1743 11509 5 5.0 1245394800
1743 826 5 3.0 1245394800
645 299 5 5.0 1245481200
99 1111 2 5.0 1245567600
142 297 5 5.0 1245567600
190 4391 1 3.0 1245567600
248 5449 5 4.0 1245567600
272 6271 6 5.0 1245567600
272 938 3 5.0 1245567600
7 413 2 4.0 1245654000
49 1568 2 5.0 1245654000
190 418 1 4.0 1245654000
442 8065 2 5.0 1245654000
9 475 4 3.0 1245740400
252 6001 6 2.0 1245740400
252 6002 6 2.0 1245740400
295 425 6 4.0 1245740400
423 392 2 5.0 1245740400
492 2112 2 5.0 1245740400
553 1587 6 3.0 1245740400
1109 375 6 3.0 1245740400
13 754 2 5.0 1245826800
49 1567 5 5.0 1245826800
184 2337 2 5.0 1245826800
248 5446 2 4.0 1245826800
252 5994 6 2.0 1245826800
252 5996 6 4.0 1245826800
252 4905 6 3.0 1245826800
252 6000 6 5.0 1245826800
579 462 4 4.0 1245826800
714 10433 3 5.0 1245826800
1491 1739 5 4.0 1245826800
2036 4861 6 4.0 1245826800
7 406 1 5.0 1245913200
7 407 1 4.0 1245913200
7 408 1 2.0 1245913200
7 409 1 5.0 1245913200
7 410 1 4.0 1245913200
7 411 1 5.0 1245913200
190 3958 1 5.0 1245913200
222 4854 6 4.0 1245913200
234 477 4 3.0 1245913200
252 1676 6 4.0 1245913200
252 5988 6 4.0 1245913200
252 5993 6 3.0 1245913200
264 899 6 5.0 1245913200
40 800 1 5.0 1245999600
248 5444 2 4.0 1245999600
264 897 6 4.0 1245999600
1109 899 6 3.0 1245999600
40 1418 1 5.0 1246086000
217 2191 2 5.0 1246086000
647 418 1 4.0 1246086000
1222 793 5 5.0 1246086000
6 278 5 5.0 1246172400
9 473 4 5.0 1246172400
13 753 5 4.0 1246172400
125 2832 6 5.0 1246172400
217 4806 2 5.0 1246172400
486 4024 2 5.0 1246172400
1491 4022 5 4.0 1246172400
1491 1016 5 4.0 1246172400
136 3150 6 2.0 1246258800
252 5984 6 4.0 1246258800
297 502 6 4.0 1246258800
434 2481 6 5.0 1246258800
434 8014 4 4.0 1246258800
1015 6842 6 5.0 1246258800
9 472 4 5.0 1246345200
10 503 6 5.0 1246345200
228 4926 6 2.0 1246345200
421 4896 2 5.0 1246345200
423 7945 3 4.0 1246345200
426 3228 6 4.0 1246345200
878 1018 2 5.0 1246345200
155 3618 5 5.0 1246431600
281 6504 2 4.0 1246431600
434 376 6 4.0 1246431600
28 1104 2 4.0 1246518000
252 5981 6 5.0 1246518000
252 5982 6 3.0 1246518000
423 5446 2 5.0 1246518000
465 5449 5 4.0 1246518000
1109 3275 6 4.0 1246518000
142 161 5 1.0 1246604400
158 1836 5 5.0 1246604400
252 923 6 5.0 1246604400
473 8494 2 2.0 1246604400
1145 6806 4 4.0 1246604400
6 286 5 3.0 1246690800
252 5975 6 1.0 1246690800
455 4951 6 5.0 1246690800
397 6806 4 5.0 1246777200
248 1122 2 4.0 1246863600
423 5768 2 5.0 1246863600
465 8305 3 4.0 1246863600
1483 1695 5 5.0 1246863600
252 5968 6 1.0 1246950000
423 7944 2 4.0 1246950000
477 1258 6 5.0 1246950000
801 2985 3 4.0 1246950000
858 1584 6 5.0 1246950000
252 5965 6 3.0 1247036400
252 5967 6 4.0 1247036400
1483 5826 2 5.0 1247036400
13 751 5 5.0 1247122800
158 2733 5 3.0 1247122800
252 5960 6 4.0 1247122800
252 5961 6 3.0 1247122800
465 627 2 4.0 1247122800
274 4926 6 2.0 1247209200
318 2630 6 5.0 1247209200
1101 6692 6 4.0 1247209200
1743 2044 2 4.0 1247209200
6 79 5 3.0 1247295600
248 5432 5 4.0 1247295600
389 1899 5 2.0 1247295600
489 502 6 4.0 1247295600
13 750 4 5.0 1247382000
158 2044 2 4.0 1247382000
158 303 5 2.0 1247468400
165 1082 2 5.0 1247468400
248 1246 5 4.0 1247468400
478 4720 5 5.0 1247468400
645 4138 5 5.0 1247468400
7 405 1 4.0 1247554800
180 283 5 5.0 1247554800
358 6250 5 5.0 1247554800
477 1928 1 5.0 1247554800
639 8323 5 4.0 1247554800
645 6045 5 4.0 1247554800
1109 12338 6 2.0 1247554800
1495 706 5 4.0 1247554800
7 403 5 5.0 1247641200
7 404 5 5.0 1247641200
171 1447 6 4.0 1247641200
274 6299 6 3.0 1247641200
381 7408 2 5.0 1247641200
423 7942 2 4.0 1247641200
465 2191 2 5.0 1247641200
7 402 2 5.0 1247727600
52 1622 2 5.0 1247727600
248 1073 5 4.0 1247727600
252 5949 6 5.0 1247727600
478 640 5 5.0 1247727600
1494 1894 2 5.0 1247727600
6 283 5 5.0 1247814000
7 401 2 5.0 1247814000
653 5754 2 4.0 1247814000
7 400 5 4.0 1247900400
184 4204 2 5.0 1247900400
444 1585 6 5.0 1247900400
478 156 5 5.0 1247900400
7 399 1 4.0 1247986800
26 1006 2 5.0 1247986800
251 5912 6 3.0 1247986800
274 982 1 4.0 1247986800
190 1928 1 4.0 1248073200
252 5946 6 5.0 1248073200
280 1928 1 4.0 1248073200
423 1497 2 5.0 1248073200
660 9716 2 5.0 1248073200
1494 423 6 4.0 1248073200
7 398 2 5.0 1248159600
171 609 2 5.0 1248159600
212 4784 5 4.0 1248159600
252 2769 6 4.0 1248159600
384 2724 6 4.0 1248159600
473 3821 2 4.0 1248159600
801 2293 6 4.0 1248159600
960 6940 2 5.0 1248159600
6 276 5 5.0 1248246000
7 397 2 5.0 1248246000
252 5942 6 4.0 1248246000
478 303 5 5.0 1248246000
7 396 1 5.0 1248332400
310 4905 6 2.0 1248332400
1490 10967 4 5.0 1248332400
6 273 5 4.0 1248418800
7 393 1 5.0 1248418800
7 394 1 3.0 1248418800
7 395 1 5.0 1248418800
248 2813 2 4.0 1248418800
861 1585 6 3.0 1248418800
64 1850 3 5.0 1248505200
281 6502 3 4.0 1248505200
2036 365 6 4.0 1248505200
7 392 2 5.0 1248591600
164 3578 2 5.0 1248591600
423 379 2 4.0 1248591600
176 3920 5 5.0 1248678000
252 3926 6 4.0 1248678000
384 410 1 5.0 1248678000
678 473 4 4.0 1248678000
1494 4535 1 5.0 1248678000
50 121 4 5.0 1248764400
214 4789 5 5.0 1248764400
251 3235 6 4.0 1248764400
251 3203 6 4.0 1248764400
251 5908 6 3.0 1248764400
251 5909 6 3.0 1248764400
251 5910 6 4.0 1248764400
218 446 1 5.0 1248850800
251 5906 6 5.0 1248850800
251 5907 6 3.0 1248850800
274 4862 6 4.0 1248850800
465 6540 5 4.0 1248850800
583 186 6 4.0 1248850800
1743 1228 6 4.0 1248850800
11 79 5 2.0 1248937200
11 511 5 5.0 1248937200
158 13 1 5.0 1248937200
184 1006 2 5.0 1248937200
228 4925 6 4.0 1248937200
251 5905 6 4.0 1248937200
252 4144 6 5.0 1248937200
280 5968 6 1.0 1248937200
696 8566 5 5.0 1248937200
801 1928 1 4.0 1248937200
1145 3821 2 4.0 1248937200
7 391 1 4.0 1249023600
12 542 1 3.0 1249023600
217 4805 3 4.0 1249023600
233 1892 6 5.0 1249023600
233 425 6 5.0 1249023600
251 5902 6 3.0 1249023600
251 5903 6 4.0 1249023600
142 3405 5 2.0 1249110000
180 268 6 4.0 1249110000
248 5412 2 4.0 1249110000
251 5900 6 5.0 1249110000
251 5901 6 4.0 1249110000
423 357 2 4.0 1249110000
1743 941 2 3.0 1249110000
1743 858 1 3.0 1249110000
1940 121 4 5.0 1249110000
50 1584 6 3.0 1249196400
62 1782 6 4.0 1249196400
221 268 6 4.0 1249196400
221 4042 5 5.0 1249196400
251 5897 6 5.0 1249196400
251 5899 6 5.0 1249196400
7 390 2 5.0 1249282800
12 541 1 4.0 1249282800
221 3526 5 5.0 1249282800
248 5409 5 4.0 1249282800
251 5896 6 4.0 1249282800
274 6298 1 5.0 1249282800
1109 12456 6 3.0 1249282800
7 386 6 5.0 1249369200
7 387 2 5.0 1249369200
7 388 5 5.0 1249369200
7 389 5 5.0 1249369200
129 2909 5 3.0 1249369200
220 268 6 5.0 1249369200
221 220 5 5.0 1249369200
221 4853 5 4.0 1249369200
258 6113 5 5.0 1249369200
384 7451 6 1.0 1249369200
801 5038 6 4.0 1249369200
960 11733 2 5.0 1249369200
1060 4532 2 5.0 1249369200
6 269 5 5.0 1249455600
12 540 1 4.0 1249455600
221 4851 3 5.0 1249455600
221 4852 5 4.0 1249455600
553 858 1 4.0 1249455600
696 2292 6 5.0 1249455600
171 3920 5 5.0 1249542000
252 4900 6 3.0 1249542000
6 268 6 5.0 1249628400
250 899 6 5.0 1249628400
250 1291 6 1.0 1249628400
250 5887 6 2.0 1249628400
250 186 6 4.0 1249628400
384 7450 6 5.0 1249628400
384 6361 6 1.0 1249628400
477 8545 1 4.0 1249628400
696 944 2 5.0 1249628400
825 9523 2 5.0 1249628400
954 268 6 5.0 1249628400
67 1891 6 5.0 1249714800
67 1892 6 4.0 1249714800
116 268 6 4.0 1249714800
221 1658 3 5.0 1249714800
226 1574 5 4.0 1249714800
248 5405 3 3.0 1249714800
274 6297 6 4.0 1249714800
384 6731 6 3.0 1249714800
423 7939 2 5.0 1249714800
1109 5909 6 2.0 1249714800
205 2719 3 5.0 1249801200
234 4983 6 2.0 1249801200
250 375 6 5.0 1249801200
258 3900 2 5.0 1249801200
281 516 3 5.0 1249801200
423 1511 2 5.0 1249801200
171 3040 2 5.0 1249887600
221 632 5 3.0 1249887600
295 6297 6 5.0 1249887600
1495 3601 5 4.0 1249887600
7 382 2 5.0 1249974000
7 383 1 4.0 1249974000
7 384 2 5.0 1249974000
7 385 1 5.0 1249974000
12 539 4 4.0 1249974000
216 4799 1 5.0 1249974000
221 634 5 4.0 1249974000
248 5403 5 4.0 1249974000
258 6067 3 5.0 1249974000
423 2552 2 5.0 1249974000
1483 2740 2 5.0 1249974000
1483 14371 1 5.0 1249974000
219 2985 3 5.0 1250060400
384 7449 6 5.0 1250060400
404 7701 3 4.0 1250060400
1398 13246 1 5.0 1250060400
1398 3415 6 4.0 1250060400
12 419 1 4.0 1250146800
180 4144 6 5.0 1250146800
250 423 6 5.0 1250146800
158 374 5 5.0 1250233200
1493 2919 1 4.0 1250233200
175 2175 3 5.0 1250319600
212 304 5 5.0 1250319600
251 419 1 4.0 1250319600
212 220 5 5.0 1250406000
212 178 5 5.0 1250406000
271 6269 1 5.0 1250406000
280 2811 6 5.0 1250406000
465 68 1 4.0 1250406000
1109 12454 6 3.0 1250406000
6 266 5 4.0 1250492400
155 1427 1 3.0 1250492400
212 4783 5 3.0 1250492400
226 3593 5 5.0 1250492400
251 5892 1 2.0 1250492400
384 7448 6 5.0 1250492400
384 6937 2 1.0 1250492400
1881 485 3 5.0 1250492400
175 4042 5 5.0 1250578800
214 447 5 4.0 1250578800
280 408 1 4.0 1250578800
175 4041 3 5.0 1250665200
210 4710 1 4.0 1250665200
1060 502 6 4.0 1250665200
1494 8942 6 3.0 1250665200
6 263 5 5.0 1250751600
35 1168 1 1.0 1250751600
116 2722 6 4.0 1250751600
212 1754 5 5.0 1250751600
274 6296 6 5.0 1250751600
274 1457 6 5.0 1250751600
277 6349 6 4.0 1250751600
212 4782 5 2.0 1250838000
1060 1452 4 5.0 1250838000
1483 418 1 4.0 1250838000
214 3398 5 5.0 1250924400
219 4585 2 5.0 1250924400
1008 3415 6 4.0 1250924400
1743 5101 5 5.0 1250924400
180 1903 6 3.0 1251010800
384 7447 6 5.0 1251010800
423 4234 2 5.0 1251097200
89 2067 5 5.0 1251183600
175 392 2 5.0 1251183600
187 2916 2 5.0 1251270000
210 4709 2 4.0 1251270000
246 3084 6 5.0 1251270000
6 259 5 3.0 1251356400
175 4037 5 4.0 1251356400
281 6494 4 5.0 1251356400
455 4950 6 5.0 1251356400
473 2733 5 4.0 1251356400
10 502 6 5.0 1251442800
175 3398 5 5.0 1251442800
175 3607 5 5.0 1251442800
306 399 1 4.0 1251442800
696 415 6 5.0 1251442800
117 2753 6 5.0 1251529200
639 9893 3 4.0 1251529200
696 2404 6 5.0 1251529200
1109 9338 6 3.0 1251615600
136 1190 6 5.0 1251702000
384 992 1 4.0 1251702000
561 9131 4 5.0 1251702000
1483 9145 2 4.0 1251702000
84 2163 5 5.0 1251788400
275 268 6 4.0 1251788400
384 355 6 5.0 1251788400
384 6621 6 4.0 1251788400
553 2300 1 4.0 1251788400
572 2010 6 5.0 1251788400
645 4843 5 5.0 1251788400
221 4784 5 4.0 1251874800
384 186 6 2.0 1251874800
384 1785 6 4.0 1251874800
6 254 5 5.0 1251961200
175 4036 2 4.0 1251961200
212 273 5 4.0 1251961200
221 4846 5 4.0 1251961200
478 4846 5 5.0 1251961200
12 538 4 3.0 1252047600
176 3558 3 4.0 1252047600
184 3969 3 5.0 1252047600
228 4924 4 5.0 1252047600
250 2724 6 4.0 1252047600
250 4296 5 5.0 1252047600
384 6811 6 5.0 1252047600
384 421 6 2.0 1252047600
404 1257 5 4.0 1252047600
423 7937 2 4.0 1252047600
553 6768 1 5.0 1252047600
384 6354 6 5.0 1252134000
6 253 5 3.0 1252220400
84 637 5 5.0 1252220400
171 3918 4 5.0 1252220400
203 770 5 4.0 1252220400
212 299 5 2.0 1252220400
384 7445 6 4.0 1252220400
423 7527 3 5.0 1252220400
465 636 5 4.0 1252220400
158 3719 1 3.0 1252306800
180 4143 1 4.0 1252306800
272 6270 6 5.0 1252306800
274 1449 6 4.0 1252306800
295 4854 6 5.0 1252306800
384 7440 6 5.0 1252306800
384 7444 6 5.0 1252306800
478 4037 5 4.0 1252306800
566 6306 6 5.0 1252306800
858 4880 2 4.0 1252306800
142 717 5 2.0 1252393200
172 3059 6 2.0 1252393200
659 2358 5 5.0 1252393200
960 2044 2 2.0 1252393200
1743 827 5 4.0 1252393200
85 1282 5 5.0 1252479600
172 3819 3 4.0 1252479600
187 4288 5 5.0 1252479600
221 4845 5 4.0 1252479600
384 13 1 2.0 1252479600
423 5548 5 5.0 1252479600
553 9051 1 4.0 1252479600
89 2286 5 5.0 1252566000
129 214 5 5.0 1252566000
158 3717 5 2.0 1252566000
212 286 5 4.0 1252566000
275 4155 6 4.0 1252566000
504 7729 2 5.0 1252566000
212 4117 5 5.0 1252652400
1172 186 6 5.0 1252738800
1832 1739 5 5.0 1252738800
6 251 5 4.0 1252825200
184 4200 4 5.0 1252825200
215 4795 6 5.0 1252825200
281 92 3 5.0 1252825200
562 386 6 2.0 1252825200
562 58 3 4.0 1252825200
562 6862 3 4.0 1252825200
562 186 6 2.0 1252825200
6 249 5 4.0 1252911600
236 5007 6 5.0 1252911600
272 2975 6 2.0 1252911600
272 112 6 5.0 1252911600
281 6488 3 5.0 1252911600
444 3059 6 1.0 1252911600
566 460 4 4.0 1252911600
677 10205 2 5.0 1252911600
6 248 5 5.0 1252998000
175 1691 2 5.0 1252998000
280 1250 1 4.0 1252998000
562 1497 2 4.0 1252998000
212 531 1 4.0 1253084400
221 4843 5 4.0 1253084400
271 1928 1 5.0 1253084400
274 992 1 5.0 1253084400
562 1726 2 3.0 1253084400
1060 10531 4 5.0 1253084400
562 1186 6 4.0 1253170800
562 992 1 5.0 1253170800
562 8332 2 5.0 1253170800
565 793 5 5.0 1253170800
867 10097 5 5.0 1253170800
1060 477 4 4.0 1253170800
1494 7886 6 5.0 1253170800
659 1418 1 4.0 1253257200
659 1539 2 5.0 1253257200
234 1596 1 5.0 1253343600
274 1587 6 2.0 1253343600
281 968 3 5.0 1253343600
562 7469 2 5.0 1253343600
562 4024 2 4.0 1253343600
562 1499 2 4.0 1253343600
659 5751 5 4.0 1253343600
1483 4424 1 4.0 1253343600
1494 1590 6 2.0 1253343600
187 4284 6 4.0 1253430000
274 6295 6 5.0 1253430000
562 9149 5 2.0 1253430000
659 10132 5 5.0 1253430000
1483 2553 2 5.0 1253430000
1483 1928 1 4.0 1253430000
1483 6949 3 5.0 1253430000
49 1566 5 5.0 1253516400
186 4236 2 5.0 1253516400
212 393 1 4.0 1253516400
250 1914 6 4.0 1253516400
562 8872 6 5.0 1253516400
1483 3456 2 5.0 1253516400
84 315 2 5.0 1253602800
142 634 5 5.0 1253602800
212 269 5 5.0 1253602800
214 767 5 4.0 1253602800
562 6483 2 3.0 1253602800
562 8783 6 4.0 1253602800
88 2212 4 3.0 1253689200
186 4235 5 5.0 1253689200
212 263 5 4.0 1253689200
215 4794 2 5.0 1253689200
390 3710 2 4.0 1253689200
560 834 5 5.0 1253689200
659 7328 5 5.0 1253689200
682 4923 6 5.0 1253689200
176 4075 2 2.0 1253775600
274 6294 6 4.0 1253775600
281 6484 2 5.0 1253775600
2203 186 6 5.0 1253775600
49 378 2 4.0 1253862000
186 4234 2 5.0 1253862000
214 952 5 5.0 1253862000
488 3947 5 5.0 1253862000
562 341 6 4.0 1253862000
647 7877 6 5.0 1253862000
715 6502 3 4.0 1253862000
960 4541 2 3.0 1253862000
1483 2717 2 4.0 1253862000
49 1565 5 5.0 1253948400
281 6483 2 2.0 1253948400
423 7936 4 5.0 1253948400
562 4031 2 4.0 1253948400
562 9145 2 3.0 1253948400
49 1564 2 4.0 1254034800
116 2721 2 5.0 1254034800
158 3713 5 5.0 1254034800
172 3955 5 4.0 1254034800
186 4233 5 5.0 1254034800
1483 1497 2 5.0 1254034800
1937 4923 6 4.0 1254034800
1937 6932 6 3.0 1254034800
1937 1782 6 5.0 1254034800
228 4923 6 5.0 1254121200
1937 3352 6 4.0 1254121200
495 2823 6 5.0 1254207600
281 1049 2 4.0 1254294000
562 5961 6 3.0 1254294000
565 7004 6 5.0 1254294000
659 770 5 4.0 1254294000
158 1168 1 3.0 1254380400
212 251 5 4.0 1254380400
223 4895 2 5.0 1254380400
423 7934 2 5.0 1254380400
478 3487 5 5.0 1254380400
1483 5774 2 3.0 1254380400
1483 401 2 4.0 1254380400
1483 3920 5 4.0 1254380400
1743 9276 3 4.0 1254380400
172 1136 5 5.0 1254466800
215 237 3 5.0 1254466800
274 2975 6 3.0 1254466800
455 6310 6 5.0 1254466800
501 858 1 1.0 1254466800
553 7717 1 4.0 1254466800
646 770 5 4.0 1254466800
1743 3809 2 4.0 1254466800
176 924 3 4.0 1254553200
560 5403 5 5.0 1254553200
9 470 4 5.0 1254639600
137 3321 1 3.0 1254639600
155 2886 5 4.0 1254639600
234 4982 2 5.0 1254639600
389 7527 3 5.0 1254639600
562 9140 6 5.0 1254639600
1483 854 3 4.0 1254639600
6 243 5 5.0 1254726000
49 645 2 4.0 1254726000
135 3055 6 5.0 1254726000
246 6 1 4.0 1254726000
275 6310 6 4.0 1254726000
187 1281 5 4.0 1254812400
202 1963 2 4.0 1254812400
289 6576 6 5.0 1254812400
326 6939 2 5.0 1254812400
359 7271 4 5.0 1254812400
562 5774 2 4.0 1254812400
274 6291 6 4.0 1254898800
295 1884 6 5.0 1254898800
501 103 2 4.0 1254898800
696 4204 2 5.0 1254898800
560 253 5 1.0 1254985200
696 5081 2 5.0 1254985200
2 60 5 3.0 1255071600
9 469 4 5.0 1255071600
49 1563 2 5.0 1255071600
135 3054 1 4.0 1255071600
865 870 4 4.0 1255071600
1494 923 6 3.0 1255071600
233 4970 2 4.0 1255158000
274 5897 6 4.0 1255158000
422 7440 6 5.0 1255158000
560 7263 3 4.0 1255158000
563 6996 2 4.0 1255158000
717 1510 2 3.0 1255158000
1144 2654 6 4.0 1255158000
1144 400 5 5.0 1255158000
135 3053 6 4.0 1255244400
248 4125 5 4.0 1255244400
501 393 1 3.0 1255244400
563 1281 5 5.0 1255244400
564 2811 6 5.0 1255244400
564 88 1 5.0 1255244400
564 764 5 5.0 1255244400
566 9181 6 3.0 1255244400
566 8648 6 5.0 1255244400
715 5836 3 4.0 1255244400
863 91 3 5.0 1255244400
1144 9181 6 5.0 1255244400
176 4073 3 4.0 1255330800
384 6295 6 4.0 1255330800
395 1731 2 3.0 1255330800
639 5841 5 4.0 1255330800
1144 4388 1 1.0 1255330800
240 3121 6 5.0 1255417200
240 5042 6 4.0 1255417200
240 5043 6 5.0 1255417200
240 3120 6 3.0 1255417200
240 3280 6 4.0 1255417200
240 3286 6 5.0 1255417200
240 5044 6 5.0 1255417200
240 5045 6 3.0 1255417200
484 1936 6 5.0 1255417200
501 91 3 5.0 1255417200
564 14 1 5.0 1255417200
564 2921 5 5.0 1255417200
564 3059 6 5.0 1255417200
564 1739 5 5.0 1255417200
564 1585 6 5.0 1255417200
564 2481 6 5.0 1255417200
564 9155 2 5.0 1255417200
566 5043 6 3.0 1255417200
129 303 5 4.0 1255503600
188 897 6 2.0 1255503600
233 1563 2 5.0 1255503600
240 3275 6 5.0 1255503600
240 5040 6 3.0 1255503600
240 2825 6 5.0 1255503600
142 3398 5 5.0 1255590000
186 4232 2 4.0 1255590000
212 4772 5 5.0 1255590000
233 1585 6 5.0 1255590000
240 4730 6 4.0 1255590000
240 5038 6 3.0 1255590000
423 1520 2 1.0 1255590000
628 9724 5 4.0 1255590000
564 816 5 5.0 1255676400
659 800 1 5.0 1255676400
274 1477 6 5.0 1255762800
335 166 1 4.0 1255762800
564 6639 1 4.0 1255762800
212 266 5 5.0 1255849200
248 3382 5 5.0 1255849200
564 2879 5 5.0 1255849200
236 5004 6 4.0 1255935600
291 6587 2 4.0 1255935600
645 3950 3 5.0 1255935600
677 1928 1 5.0 1255935600
1144 5038 6 5.0 1255935600
142 2898 5 5.0 1256022000
434 6610 6 4.0 1256022000
628 5823 2 5.0 1256022000
561 8490 6 3.0 1256108400
274 2039 6 4.0 1256194800
501 26 1 5.0 1256194800
561 5123 3 5.0 1256194800
1494 6287 6 4.0 1256194800
31 1147 2 5.0 1256281200
171 121 4 4.0 1256281200
560 4623 2 5.0 1256281200
561 6304 6 4.0 1256281200
639 2992 2 4.0 1256281200
141 3356 6 5.0 1256367600
141 1884 6 5.0 1256454000
158 3710 2 4.0 1256454000
180 2973 2 4.0 1256454000
280 396 1 4.0 1256454000
564 80 5 4.0 1256454000
180 178 5 4.0 1256540400
247 121 4 4.0 1256540400
501 2393 6 5.0 1256540400
564 3055 6 5.0 1256540400
564 5910 6 5.0 1256540400
564 4075 2 5.0 1256540400
1144 9145 2 2.0 1256540400
176 486 3 4.0 1256626800
280 4385 1 4.0 1256626800
484 6576 6 5.0 1256626800
484 1787 6 5.0 1256626800
560 118 5 3.0 1256626800
678 477 4 4.0 1256626800
455 1915 6 4.0 1256713200
1494 2811 6 4.0 1256713200
7 379 2 4.0 1256799600
28 1103 2 5.0 1256799600
231 4952 4 4.0 1256799600
960 2684 3 5.0 1256799600
64 1848 3 5.0 1256886000
231 1884 6 4.0 1256886000
484 6517 1 5.0 1256886000
560 3739 2 1.0 1256886000
566 4341 6 3.0 1256886000
639 4247 2 5.0 1256886000
7 378 2 4.0 1256972400
212 302 5 5.0 1256972400
6 237 3 4.0 1257058800
172 3951 3 4.0 1257058800
231 4951 6 4.0 1257058800
628 1825 6 4.0 1257058800
562 1626 4 5.0 1257145200
188 4341 6 4.0 1257231600
205 4681 3 5.0 1257231600
484 1046 6 5.0 1257231600
553 174 3 5.0 1257231600
927 4334 6 5.0 1257231600
1144 1142 3 4.0 1257231600
553 2718 5 5.0 1257318000
553 110 2 5.0 1257318000
187 899 6 5.0 1257404400
394 3459 6 5.0 1257404400
714 4033 5 5.0 1257404400
12 534 1 5.0 1257490800
58 1740 5 4.0 1257490800
158 396 1 5.0 1257490800
172 3949 2 4.0 1257490800
172 3950 3 4.0 1257490800
223 4023 2 4.0 1257490800
231 498 6 4.0 1257490800
484 8589 6 3.0 1257490800
1202 3951 3 4.0 1257490800
1668 7321 5 1.0 1257490800
82 1754 5 4.0 1257577200
97 743 5 4.0 1257577200
258 3951 3 5.0 1257577200
280 166 1 4.0 1257577200
1144 5026 5 5.0 1257577200
28 1102 2 5.0 1257663600
395 103 2 5.0 1257663600
484 4388 1 4.0 1257663600
484 8545 1 5.0 1257663600
501 14 1 3.0 1257750000
696 1035 5 5.0 1257750000
907 186 6 4.0 1257750000
263 3319 2 3.0 1257836400
347 719 5 4.0 1257836400
295 6621 6 5.0 1257922800
450 6702 6 4.0 1257922800
628 1040 2 4.0 1257922800
1225 1053 3 4.0 1257922800
137 3319 2 5.0 1258009200
248 4794 2 5.0 1258009200
553 352 3 5.0 1258009200
562 9138 2 3.0 1258009200
89 2271 5 4.0 1258095600
231 268 6 4.0 1258095600
89 2270 5 5.0 1258182000
175 2528 5 5.0 1258182000
233 2429 1 5.0 1258182000
236 5001 6 4.0 1258182000
347 7091 2 4.0 1258182000
233 4968 6 4.0 1258268400
233 4969 6 5.0 1258268400
246 21 1 4.0 1258268400
484 4746 6 5.0 1258268400
478 7928 2 4.0 1258354800
1126 1585 6 5.0 1258354800
7 377 2 4.0 1258441200
171 3916 5 5.0 1258441200
233 531 1 5.0 1258441200
495 4131 6 4.0 1258441200
569 7891 4 5.0 1258441200
659 1684 5 5.0 1258441200
201 4501 2 4.0 1258527600
211 4734 3 4.0 1258527600
294 446 1 3.0 1258527600
313 5773 2 5.0 1258527600
1937 13019 6 5.0 1258527600
142 3385 2 5.0 1258614000
211 4733 6 4.0 1258614000
641 1499 2 5.0 1258614000
659 683 5 4.0 1258614000
1494 2835 6 4.0 1258614000
84 2148 5 4.0 1258700400
135 3051 2 5.0 1258700400
175 1790 2 5.0 1258700400
211 2825 6 4.0 1258700400
565 4338 6 5.0 1258700400
1494 5961 6 5.0 1258700400
1530 992 1 5.0 1258700400
211 3303 6 5.0 1258786800
1109 12444 6 1.0 1258786800
7 376 6 5.0 1258959600
49 1558 2 5.0 1258959600
89 2267 5 4.0 1258959600
211 3275 6 5.0 1258959600
7 375 6 5.0 1259046000
211 4731 6 4.0 1259046000
211 2293 6 4.0 1259046000
394 6289 6 5.0 1259046000
659 9125 5 5.0 1259046000
890 4330 6 4.0 1259046000
40 1314 2 5.0 1259132400
49 1017 1 4.0 1259218800
211 4730 6 4.0 1259218800
801 4787 5 4.0 1259218800
865 417 5 3.0 1259218800
89 2263 1 5.0 1259305200
306 3379 2 5.0 1259305200
641 9920 3 5.0 1259305200
659 7859 5 5.0 1259305200
659 2915 5 5.0 1259305200
927 490 6 5.0 1259305200
404 1820 5 5.0 1259391600
40 1312 6 4.0 1259478000
180 4138 5 4.0 1259478000
659 8065 2 5.0 1259478000
659 2263 1 5.0 1259478000
207 2305 2 2.0 1259564400
248 3706 5 5.0 1259564400
659 3520 5 5.0 1259564400
659 4322 1 5.0 1259564400
9 462 4 5.0 1259650800
40 1310 6 2.0 1259650800
484 4334 6 5.0 1259650800
562 4709 2 4.0 1259650800
1194 11472 6 5.0 1259650800
6 234 2 3.0 1259737200
186 3461 5 5.0 1259737200
205 4680 3 4.0 1259737200
231 4950 6 3.0 1259737200
248 3462 5 4.0 1259737200
274 6289 6 5.0 1259737200
325 6289 6 5.0 1259737200
553 2722 6 5.0 1259823600
696 3806 5 5.0 1259823600
9 460 4 5.0 1259910000
223 4169 2 4.0 1259910000
865 7948 2 5.0 1259910000
190 416 1 4.0 1259996400
231 4949 6 4.0 1259996400
245 1095 2 5.0 1260082800
10 498 6 3.0 1260169200
40 1308 1 5.0 1260169200
250 1585 6 4.0 1260169200
553 268 6 5.0 1260169200
562 932 2 3.0 1260169200
744 186 6 5.0 1260169200
129 2908 5 5.0 1260255600
190 159 1 1.0 1260255600
245 4200 4 5.0 1260255600
863 3874 1 5.0 1260255600
84 2145 3 4.0 1260342000
172 3947 5 5.0 1260342000
184 4199 4 5.0 1260342000
890 912 6 4.0 1260342000
465 4472 2 4.0 1260428400
1946 995 6 5.0 1260428400
190 4390 1 4.0 1260514800
785 10893 2 5.0 1260514800
245 423 6 5.0 1260601200
501 8723 6 5.0 1260601200
9 459 4 5.0 1260687600
190 377 2 5.0 1260687600
294 3148 6 5.0 1260687600
349 1314 2 5.0 1260687600
655 459 4 5.0 1260687600
960 2331 2 1.0 1260687600
40 393 1 5.0 1260774000
158 3706 5 5.0 1260774000
233 938 3 4.0 1260774000
641 9919 2 5.0 1260774000
89 1314 2 5.0 1260860400
171 3915 1 4.0 1260860400
180 626 5 2.0 1260860400
274 353 4 3.0 1260860400
142 1314 2 5.0 1260946800
176 1314 2 3.0 1260946800
204 1147 2 5.0 1260946800
264 1314 2 5.0 1260946800
280 3059 6 1.0 1260946800
306 353 4 4.0 1260946800
204 1314 2 5.0 1261033200
223 4890 2 5.0 1261033200
553 531 1 1.0 1261033200
6 231 5 5.0 1261119600
562 1314 2 4.0 1261119600
659 744 1 5.0 1261119600
1109 10725 6 3.0 1261119600
24 968 3 3.0 1261206000
137 2488 2 5.0 1261206000
274 1884 6 4.0 1261206000
561 1286 6 5.0 1261206000
40 431 6 5.0 1261292400
172 1919 6 4.0 1261292400
1463 1147 2 5.0 1261292400
264 1583 5 5.0 1261378800
553 7527 3 5.0 1261378800
907 8793 6 5.0 1261378800
231 912 6 4.0 1261465200
12 531 1 1.0 1261638000
274 186 6 4.0 1261638000
30 1130 5 5.0 1261724400
186 4230 2 4.0 1261724400
21 747 5 5.0 1261897200
200 4466 2 3.0 1261897200
1109 3270 6 3.0 1261897200
212 214 5 4.0 1261983600
465 1722 2 4.0 1261983600
486 398 2 5.0 1261983600
562 4905 6 4.0 1261983600
6 225 6 5.0 1262070000
248 1068 5 5.0 1262070000
295 449 6 5.0 1262070000
313 6796 2 5.0 1262070000
6 224 5 5.0 1262156400
142 3386 5 5.0 1262156400
247 5122 1 4.0 1262156400
321 3049 5 5.0 1262156400
389 6113 5 4.0 1262156400
562 8656 2 5.0 1262156400
158 777 5 3.0 1262242800
359 6702 6 5.0 1262242800
628 9716 2 5.0 1262242800
10 497 6 4.0 1262329200
40 429 6 5.0 1262329200
274 6287 6 2.0 1262329200
280 6390 6 5.0 1262329200
1144 899 6 4.0 1262329200
1144 268 6 4.0 1262329200
71 1136 5 5.0 1262415600
135 3049 5 5.0 1262415600
1144 2975 6 5.0 1262415600
1144 2724 6 5.0 1262415600
40 1302 5 5.0 1262502000
71 1979 3 3.0 1262502000
294 6610 6 5.0 1262502000
2327 606 2 5.0 1262502000
129 2907 5 5.0 1262588400
295 2481 6 5.0 1262588400
650 1585 6 5.0 1262588400
71 1977 2 4.0 1262674800
84 2137 6 4.0 1262674800
233 1590 6 5.0 1262674800
512 1507 2 5.0 1262674800
49 373 2 5.0 1262761200
136 3148 6 5.0 1262761200
233 3055 6 5.0 1262761200
264 5076 2 5.0 1262761200
307 3175 6 4.0 1262761200
1126 2557 5 5.0 1262761200
6 221 5 5.0 1262847600
71 1976 5 5.0 1262847600
140 3350 2 1.0 1262847600
207 982 1 4.0 1262847600
223 3949 2 4.0 1262847600
233 268 6 5.0 1262847600
562 1540 2 4.0 1262847600
1743 1825 6 5.0 1262847600
71 1973 6 3.0 1262934000
175 4033 5 5.0 1262934000
180 4134 5 4.0 1262934000
195 420 6 4.0 1262934000
231 1915 6 3.0 1262934000
6 220 5 5.0 1263020400
40 1298 5 5.0 1263020400
175 1016 5 5.0 1263020400
258 1298 5 5.0 1263020400
294 6289 6 5.0 1263020400
1225 6758 3 2.0 1263020400
40 508 3 5.0 1263106800
175 4032 5 5.0 1263106800
40 1295 1 5.0 1263193200
280 2404 6 2.0 1263193200
281 405 1 4.0 1263193200
69 1938 6 5.0 1263279600
175 4031 2 5.0 1263279600
202 4615 2 3.0 1263279600
204 4672 2 5.0 1263279600
252 5917 6 1.0 1263279600
281 5994 6 4.0 1263279600
1270 2365 5 5.0 1263279600
248 5299 5 4.0 1263366000
295 3459 6 5.0 1263366000
423 5601 2 5.0 1263366000
69 1884 6 4.0 1263452400
553 210 5 5.0 1263452400
69 1934 6 5.0 1263538800
69 1935 6 4.0 1263538800
69 1936 6 4.0 1263538800
129 1827 5 4.0 1263538800
137 1719 2 5.0 1263538800
171 3914 2 5.0 1263538800
186 3696 2 5.0 1263538800
190 858 1 2.0 1263538800
274 1185 6 4.0 1263538800
306 95 2 4.0 1263538800
560 9125 5 4.0 1263538800
7 25 1 4.0 1263625200
69 355 6 5.0 1263625200
180 2882 5 5.0 1263625200
280 6388 6 4.0 1263625200
423 5547 5 5.0 1263625200
560 224 5 5.0 1263625200
7 374 5 5.0 1263711600
117 2752 4 5.0 1263711600
172 3055 6 4.0 1263711600
569 1921 6 5.0 1263711600
744 1825 6 4.0 1263711600
863 7717 1 5.0 1263711600
8 451 5 5.0 1263798000
69 680 4 4.0 1263798000
158 3702 1 5.0 1263798000
176 1622 2 4.0 1263798000
193 4284 6 4.0 1263798000
280 1186 6 4.0 1263798000
295 4338 6 5.0 1263798000
426 4338 6 5.0 1263798000
465 8300 2 3.0 1263798000
180 4117 5 4.0 1263884400
194 4420 2 4.0 1263884400
226 2497 3 4.0 1263884400
1126 379 2 4.0 1263884400
12 393 1 2.0 1263970800
21 928 3 5.0 1263970800
167 923 6 5.0 1263970800
228 356 6 5.0 1263970800
1493 9000 2 5.0 1263970800
142 827 5 5.0 1264057200
171 3055 6 4.0 1264057200
231 525 4 5.0 1264057200
560 4 1 1.0 1264057200
1463 4681 3 4.0 1264057200
7 373 2 2.0 1264143600
13 748 5 3.0 1264143600
129 2905 5 5.0 1264143600
175 156 5 5.0 1264143600
212 4756 5 5.0 1264143600
659 4087 5 4.0 1264143600
7 372 6 5.0 1264230000
40 1291 6 5.0 1264230000
248 683 5 5.0 1264230000
248 3814 5 4.0 1264230000
484 4941 6 5.0 1264230000
562 1928 1 5.0 1264230000
71 1963 2 4.0 1264316400
165 3824 2 5.0 1264316400
246 1807 4 4.0 1264316400
274 4153 6 4.0 1264316400
294 1462 6 4.0 1264316400
295 6619 6 5.0 1264316400
6 214 5 5.0 1264402800
7 370 6 4.0 1264402800
7 371 2 5.0 1264402800
7 369 2 5.0 1264489200
205 4677 5 5.0 1264489200
212 633 5 3.0 1264489200
212 234 2 1.0 1264489200
231 4947 6 5.0 1264489200
1619 12865 1 5.0 1264489200
1619 9099 1 5.0 1264489200
1619 12254 1 5.0 1264489200
423 7928 2 4.0 1264662000
639 9889 3 4.0 1264662000
1 7 1 5.0 1264748400
28 1096 6 5.0 1264748400
70 861 4 5.0 1264748400
248 1901 5 4.0 1264748400
408 4558 1 4.0 1264748400
865 2337 2 4.0 1264748400
891 9889 3 5.0 1264748400
28 1095 2 5.0 1264834800
40 1286 6 5.0 1264834800
172 3944 5 4.0 1264921200
211 4334 6 5.0 1264921200
211 370 6 5.0 1264921200
423 6013 3 4.0 1264921200
49 866 5 5.0 1265007600
70 1807 4 5.0 1265007600
158 1070 3 5.0 1265007600
211 502 6 4.0 1265007600
220 449 6 5.0 1265007600
423 3319 2 3.0 1265007600
564 6023 1 5.0 1265007600
565 912 6 4.0 1265007600
28 1094 3 5.0 1265094000
70 446 1 4.0 1265094000
650 414 6 4.0 1265094000
280 3889 3 4.0 1265180400
553 1186 6 5.0 1265180400
295 81 5 5.0 1265353200
465 4466 2 3.0 1265353200
501 6023 1 5.0 1265353200
639 630 5 5.0 1265353200
1493 3657 2 4.0 1265353200
158 3699 5 2.0 1265439600
35 1165 2 5.0 1265526000
71 1662 2 5.0 1265526000
187 4278 5 4.0 1265526000
187 4279 5 4.0 1265526000
205 4400 2 5.0 1265526000
236 4334 6 5.0 1265526000
321 1979 3 4.0 1265526000
659 946 5 4.0 1265526000
705 7238 6 4.0 1265526000
705 1825 6 5.0 1265526000
705 186 6 5.0 1265526000
40 941 2 5.0 1265612400
142 3382 5 5.0 1265612400
180 4131 6 5.0 1265612400
356 5119 1 4.0 1265612400
465 4278 5 4.0 1265612400
143 3415 6 3.0 1265698800
71 909 1 5.0 1265785200
143 789 6 3.0 1265785200
423 1104 2 5.0 1265785200
705 4153 6 4.0 1265785200
705 490 6 5.0 1265785200
28 1093 2 5.0 1265871600
212 4754 5 5.0 1265871600
295 538 4 5.0 1265871600
566 7484 6 4.0 1265871600
566 6576 6 5.0 1265871600
172 449 6 4.0 1265958000
566 3203 6 3.0 1265958000
6 210 5 5.0 1266044400
142 2173 5 4.0 1266044400
180 2083 5 5.0 1266044400
248 1059 5 5.0 1266044400
13 747 5 5.0 1266130800
212 297 5 5.0 1266130800
245 186 6 4.0 1266130800
13 746 5 5.0 1266217200
84 2136 5 5.0 1266217200
129 2903 5 4.0 1266217200
484 4338 6 5.0 1266217200
727 5119 1 5.0 1266217200
6 209 5 3.0 1266303600
40 1285 5 5.0 1266303600
212 4751 5 2.0 1266303600
553 9049 5 5.0 1266303600
727 9 1 2.0 1266303600
1491 1574 5 3.0 1266303600
1493 9021 2 5.0 1266303600
6 207 5 5.0 1266390000
40 1284 1 5.0 1266390000
70 50 6 3.0 1266390000
175 4024 2 5.0 1266390000
190 4389 1 4.0 1266390000
280 5993 6 2.0 1266390000
865 6986 1 4.0 1266390000
1463 11159 2 5.0 1266390000
7 366 6 4.0 1266476400
175 4023 2 4.0 1266476400
423 7925 2 5.0 1266476400
7 365 6 5.0 1266562800
13 745 5 4.0 1266562800
40 1283 1 5.0 1266562800
175 4022 5 4.0 1266562800
212 197 5 5.0 1266562800
2327 9968 3 4.0 1266562800
40 853 1 5.0 1266649200
216 2385 1 1.0 1266649200
246 742 1 5.0 1266649200
1569 2010 6 4.0 1266649200
7 4 1 5.0 1266735600
212 1928 1 5.0 1266735600
220 4833 2 5.0 1266735600
728 8545 1 5.0 1266735600
1219 1928 1 4.0 1266735600
70 343 6 5.0 1266822000
158 3696 2 4.0 1266822000
295 355 6 5.0 1266822000
728 6537 5 5.0 1266822000
6 205 2 2.0 1266908400
178 4099 6 3.0 1266908400
186 1715 2 5.0 1266908400
248 1820 5 5.0 1266908400
280 205 2 3.0 1266908400
281 6472 1 5.0 1266908400
865 6298 1 5.0 1266908400
1144 3001 6 5.0 1266908400
175 3662 2 4.0 1266994800
488 6638 2 5.0 1266994800
553 3663 5 5.0 1266994800
49 1553 2 2.0 1267081200
216 410 1 5.0 1267081200
248 681 5 4.0 1267081200
295 2429 1 4.0 1267081200
395 7561 2 3.0 1267081200
423 401 2 4.0 1267081200
1144 3909 6 5.0 1267081200
1144 897 6 4.0 1267081200
162 3771 5 5.0 1267167600
40 408 1 2.0 1267254000
220 4832 1 4.0 1267254000
40 1282 5 5.0 1267340400
261 205 2 3.0 1267340400
727 6906 1 5.0 1267340400
2327 4935 2 4.0 1267340400
2327 4230 2 4.0 1267340400
171 2883 5 2.0 1267426800
212 2330 2 5.0 1267426800
223 1006 2 4.0 1267426800
248 5263 5 4.0 1267426800
566 121 4 5.0 1267426800
1743 110 2 4.0 1267426800
26 1001 2 5.0 1267513200
188 516 3 5.0 1267513200
216 422 1 4.0 1267513200
13 744 1 5.0 1267599600
40 1281 5 5.0 1267599600
165 3462 5 5.0 1267599600
188 4339 3 5.0 1267599600
211 4727 6 4.0 1267599600
216 419 1 5.0 1267599600
264 6258 5 5.0 1267599600
6 203 5 4.0 1267686000
8 449 6 5.0 1267686000
15 866 5 3.0 1267686000
216 4558 1 1.0 1267686000
423 7919 5 5.0 1267686000
477 96 3 4.0 1267686000
1126 909 1 4.0 1267686000
6 202 5 5.0 1267772400
13 743 5 5.0 1267772400
236 4997 6 5.0 1267772400
236 4330 6 5.0 1267772400
306 6702 6 4.0 1267772400
10 496 6 4.0 1267858800
280 1825 6 4.0 1267858800
1944 6802 6 5.0 1267858800
6 201 5 4.0 1267945200
7 96 3 5.0 1267945200
214 1586 6 5.0 1267945200
6 200 5 5.0 1268031600
40 10 1 5.0 1268031600
645 3601 5 4.0 1268031600
178 4098 6 5.0 1268118000
205 3385 2 5.0 1268118000
1 6 1 4.0 1268204400
7 362 2 3.0 1268204400
7 363 5 5.0 1268204400
165 3822 2 4.0 1268204400
167 1914 6 4.0 1268204400
212 1752 5 5.0 1268204400
212 4748 2 5.0 1268204400
6 199 5 5.0 1268290800
717 7561 2 4.0 1268290800
1 5 1 5.0 1268377200
13 742 1 3.0 1268377200
40 449 6 5.0 1268377200
646 3805 3 5.0 1268377200
165 3823 2 5.0 1268463600
408 1689 2 5.0 1268463600
6 197 5 5.0 1268550000
142 3379 2 5.0 1268550000
1126 827 5 5.0 1268550000
40 1277 1 5.0 1268636400
180 4125 5 4.0 1268636400
246 5119 1 5.0 1268636400
465 1725 2 4.0 1268636400
553 338 2 5.0 1268636400
562 1466 6 4.0 1268722800
1225 4952 4 4.0 1268722800
8 448 3 4.0 1268809200
52 1617 2 5.0 1268809200
6 196 5 5.0 1268895600
40 409 1 4.0 1268895600
212 4746 6 5.0 1268895600
12 527 4 4.0 1268982000
30 1129 5 5.0 1268982000
227 4914 2 5.0 1268982000
1 4 1 5.0 1269068400
227 186 6 4.0 1269068400
1194 13019 6 4.0 1269068400
1806 1825 6 4.0 1269068400
68 1930 5 3.0 1269241200
136 3146 6 3.0 1269241200
204 2954 2 5.0 1269241200
212 4745 5 5.0 1269241200
231 4944 6 3.0 1269241200
221 764 5 4.0 1269327600
728 385 1 5.0 1269327600
6 195 5 5.0 1269414000
240 4746 6 5.0 1269414000
859 2035 3 5.0 1269414000
7 357 2 5.0 1269500400
728 6959 5 5.0 1269500400
987 5628 5 5.0 1269500400
987 203 5 5.0 1269586800
6 194 5 1.0 1269673200
728 534 1 5.0 1269759600
49 1551 3 5.0 1269846000
306 356 6 5.0 1269846000
175 4021 2 5.0 1269932400
187 711 5 3.0 1269932400
825 2555 2 5.0 1269932400
13 739 1 4.0 1270018800
454 202 5 4.0 1270018800
566 4366 6 4.0 1270018800
1463 13369 3 5.0 1270018800
142 3378 5 5.0 1270105200
187 1803 5 5.0 1270105200
203 4626 4 5.0 1270105200
233 789 6 2.0 1270105200
288 449 6 4.0 1270105200
553 623 5 5.0 1270105200
566 9172 6 3.0 1270105200
566 3223 6 3.0 1270105200
566 9173 6 5.0 1270105200
728 883 1 5.0 1270105200
955 4592 5 5.0 1270191600
7 356 6 5.0 1270278000
84 2130 5 4.0 1270278000
176 98 3 4.0 1270278000
955 1497 2 4.0 1270278000
7 243 5 4.0 1270364400
7 355 6 5.0 1270364400
258 2120 5 5.0 1270364400
274 540 1 4.0 1270364400
289 6574 1 2.0 1270364400
326 3822 2 5.0 1270364400
728 10542 2 5.0 1270364400
28 1083 5 5.0 1270450800
31 1145 2 4.0 1270450800
71 900 3 3.0 1270450800
229 899 6 5.0 1270450800
240 2039 6 4.0 1270450800
8 447 5 5.0 1270537200
136 3144 6 3.0 1270537200
172 927 2 4.0 1270537200
188 4328 6 4.0 1270537200
248 5248 5 4.0 1270537200
288 6556 1 4.0 1270537200
148 3552 5 5.0 1270623600
183 4175 5 4.0 1270623600
280 3821 2 2.0 1270623600
423 683 5 5.0 1270623600
865 1491 1 5.0 1270623600
1806 2417 4 4.0 1270623600
142 3377 5 5.0 1270710000
148 2263 1 4.0 1270710000
249 5866 3 4.0 1270710000
28 1082 2 5.0 1270796400
165 3821 2 5.0 1270796400
175 357 2 3.0 1270796400
186 3665 2 4.0 1270796400
201 4500 1 5.0 1270796400
228 3821 2 4.0 1270796400
308 1517 3 5.0 1270796400
28 612 2 5.0 1270882800
116 2719 3 5.0 1270882800
142 3374 5 5.0 1270882800
174 2971 2 5.0 1270882800
231 4942 6 4.0 1270882800
261 3821 2 2.0 1270882800
354 5119 1 5.0 1270882800
404 5263 5 5.0 1270882800
553 5846 5 5.0 1270882800
13 737 2 5.0 1270969200
174 4011 3 5.0 1270969200
220 4829 3 4.0 1270969200
1144 1887 2 4.0 1270969200
1619 6023 1 5.0 1270969200
7 352 3 5.0 1271055600
7 353 4 3.0 1271055600
87 1006 2 5.0 1271055600
176 362 2 3.0 1271055600
186 4021 2 5.0 1271055600
321 1827 5 4.0 1271055600
560 1246 5 5.0 1271055600
712 3731 6 5.0 1271055600
712 1310 6 5.0 1271055600
712 1475 6 5.0 1271055600
13 103 2 3.0 1271142000
183 2970 2 5.0 1271142000
184 4195 2 5.0 1271142000
264 6254 2 4.0 1271142000
299 6639 1 5.0 1271142000
238 5034 4 2.0 1271228400
263 2960 3 4.0 1271228400
512 159 1 5.0 1271228400
258 4279 5 5.0 1271314800
880 3053 6 5.0 1271314800
2327 7928 2 4.0 1271401200
7 351 5 5.0 1271487600
248 5243 5 4.0 1271574000
15 865 5 4.0 1271660400
182 870 4 4.0 1271660400
560 1665 5 4.0 1271660400
186 1478 2 5.0 1271746800
188 4334 6 5.0 1271746800
8 446 1 4.0 1271833200
306 343 6 4.0 1271833200
352 268 6 5.0 1271833200
728 10541 1 5.0 1271833200
165 3819 3 4.0 1272006000
280 6052 3 5.0 1272092400
650 745 5 4.0 1272092400
171 3909 6 4.0 1272178800
258 5026 5 5.0 1272178800
13 730 3 5.0 1272265200
299 6638 2 5.0 1272265200
553 6045 5 5.0 1272265200
865 352 3 5.0 1272265200
136 3141 6 5.0 1272351600
155 3616 5 4.0 1272438000
165 1121 2 5.0 1272438000
264 2953 2 5.0 1272438000
68 1928 1 4.0 1272524400
148 3549 5 2.0 1272524400
165 3817 2 5.0 1272524400
233 3944 5 5.0 1272524400
1743 1193 3 5.0 1272610800
6 192 1 5.0 1272697200
989 6829 6 3.0 1272697200
28 1081 3 5.0 1272783600
142 3371 2 5.0 1272783600
728 4708 1 5.0 1272783600
68 1927 5 3.0 1272870000
176 3978 6 5.0 1272870000
233 13 1 4.0 1272870000
261 6197 1 5.0 1272870000
171 1028 3 5.0 1272956400
172 3940 2 4.0 1272956400
281 3006 4 4.0 1272956400
553 9045 1 5.0 1272956400
1109 11401 6 2.0 1272956400
182 504 6 3.0 1273042800
989 11798 6 4.0 1273042800
1477 4117 5 5.0 1273042800
1944 4941 6 5.0 1273042800
187 4265 2 5.0 1273129200
423 1512 2 5.0 1273129200
227 13 1 5.0 1273215600
423 5805 2 3.0 1273215600
190 408 1 5.0 1273302000
229 13 1 5.0 1273302000
68 1447 6 5.0 1273388400
728 7872 1 5.0 1273388400
190 531 1 4.0 1273474800
248 1714 2 4.0 1273474800
1477 304 5 5.0 1273474800
68 1924 5 5.0 1273561200
79 2035 3 5.0 1273561200
136 3139 6 3.0 1273561200
188 4335 6 4.0 1273647600
13 724 3 4.0 1273734000
249 1666 3 3.0 1273734000
1477 303 5 5.0 1273734000
13 722 2 4.0 1273820400
13 723 3 4.0 1273820400
68 1923 1 5.0 1273820400
212 209 5 5.0 1273820400
1477 6254 2 5.0 1273820400
13 721 2 5.0 1273906800
33 1155 6 5.0 1273906800
149 3556 1 4.0 1273993200
212 79 5 2.0 1273993200
981 5119 1 5.0 1273993200
1477 4756 5 5.0 1273993200
6 189 5 5.0 1274079600
90 1125 6 5.0 1274079600
90 861 4 5.0 1274079600
708 7671 5 3.0 1274079600
190 4387 1 5.0 1274166000
13 719 5 4.0 1274252400
49 1509 2 5.0 1274252400
68 398 2 4.0 1274252400
84 2123 5 5.0 1274252400
144 1938 6 5.0 1274252400
144 3459 6 5.0 1274252400
144 3460 3 5.0 1274252400
183 4173 5 3.0 1274252400
553 608 5 5.0 1274252400
1477 12385 5 5.0 1274252400
13 717 5 5.0 1274338800
28 194 5 5.0 1274338800
68 1922 5 5.0 1274338800
237 5028 1 5.0 1274338800
6 188 5 4.0 1274425200
460 4727 6 4.0 1274425200
1477 207 5 5.0 1274425200
174 3918 4 5.0 1274511600
801 404 5 1.0 1274598000
79 2034 4 5.0 1274770800
190 4386 1 3.0 1274770800
728 10380 1 4.0 1274770800
13 715 2 5.0 1274857200
28 1078 2 5.0 1274857200
149 1606 1 5.0 1274857200
211 4726 6 5.0 1274857200
233 4959 6 4.0 1274857200
129 830 5 5.0 1274943600
1461 7816 2 5.0 1274943600
1127 2724 6 4.0 1275030000
1127 899 6 5.0 1275116400
1127 10541 1 5.0 1275116400
1461 14231 2 4.0 1275116400
1461 14232 2 5.0 1275116400
176 4061 1 4.0 1275202800
165 2331 2 5.0 1275289200
171 3905 1 4.0 1275289200
190 4385 1 3.0 1275289200
1127 423 6 4.0 1275289200
1127 398 2 5.0 1275289200
84 1298 5 4.0 1275375600
176 3905 1 4.0 1275375600
188 4338 6 5.0 1275375600
1461 7077 2 2.0 1275375600
12 525 4 3.0 1275462000
299 2965 2 5.0 1275462000
727 1928 1 5.0 1275462000
140 1052 2 5.0 1275548400
161 2886 5 4.0 1275548400
1461 4265 2 5.0 1275548400
67 383 1 4.0 1275634800
126 2876 3 5.0 1275634800
565 2389 1 5.0 1275634800
182 4160 6 3.0 1275721200
342 7069 6 4.0 1275721200
1461 4914 2 4.0 1275721200
148 1022 5 3.0 1275807600
261 13 1 3.0 1275807600
727 10474 2 3.0 1275807600
727 13 1 3.0 1275807600
1125 12737 6 2.0 1275807600
1143 7478 3 4.0 1275807600
1461 7417 2 4.0 1275807600
68 1921 6 4.0 1275894000
196 4441 5 5.0 1275894000
196 4442 5 5.0 1275894000
299 6637 5 5.0 1275894000
325 6918 6 5.0 1275894000
352 5045 6 5.0 1275894000
68 1920 5 4.0 1275980400
1221 1466 6 4.0 1275980400
1477 10904 2 2.0 1275980400
161 615 5 4.0 1276066800
727 4388 1 3.0 1276066800
1143 156 5 5.0 1276066800
1143 3850 5 5.0 1276066800
28 1076 5 5.0 1276153200
299 2883 5 5.0 1276153200
306 412 4 5.0 1276153200
347 5863 2 4.0 1276153200
569 2472 1 4.0 1276153200
727 108 4 5.0 1276153200
1461 108 4 5.0 1276153200
1461 1048 2 5.0 1276153200
1477 253 5 5.0 1276153200
156 3638 3 3.0 1276239600
161 2949 2 4.0 1276239600
161 3396 5 4.0 1276239600
196 1134 5 5.0 1276239600
264 1704 2 5.0 1276239600
560 1922 5 4.0 1276239600
801 11042 5 2.0 1276239600
1477 1581 5 4.0 1276239600
68 1919 6 4.0 1276326000
161 3759 2 5.0 1276326000
229 4937 5 2.0 1276326000
237 5027 3 2.0 1276326000
801 11041 5 4.0 1276326000
49 1547 2 3.0 1276412400
161 2859 2 5.0 1276498800
165 627 2 4.0 1276498800
223 3580 2 5.0 1276498800
237 834 5 5.0 1276498800
460 4723 6 5.0 1276498800
801 4956 5 4.0 1276498800
802 417 5 4.0 1276498800
1463 325 2 4.0 1276498800
1643 2724 6 4.0 1276498800
1643 423 6 5.0 1276498800
197 2609 6 5.0 1276585200
288 5243 5 4.0 1276585200
802 4937 5 2.0 1276585200
802 1061 5 4.0 1276585200
802 4677 5 5.0 1276585200
1483 8600 3 3.0 1276585200
1643 112 6 5.0 1276585200
197 1725 2 5.0 1276671600
197 103 2 5.0 1276671600
204 3812 3 4.0 1276671600
229 722 2 5.0 1276671600
229 4935 2 5.0 1276671600
237 5026 5 5.0 1276671600
264 4934 3 4.0 1276671600
394 4726 6 3.0 1276671600
553 983 4 4.0 1276671600
197 1545 2 5.0 1276758000
202 4612 2 4.0 1276758000
1142 966 4 5.0 1276758000
1477 407 1 5.0 1276758000
1483 1568 2 4.0 1276758000
129 2898 5 4.0 1276844400
165 3814 5 5.0 1276844400
190 4384 1 5.0 1276844400
447 7752 5 5.0 1276844400
801 993 5 5.0 1276844400
6 186 6 2.0 1276930800
162 1082 2 5.0 1276930800
165 3813 2 5.0 1276930800
408 4042 5 2.0 1276930800
710 6753 4 5.0 1276930800
727 2234 6 5.0 1276930800
1477 11042 5 5.0 1276930800
1477 2719 3 5.0 1276930800
129 2897 5 4.0 1277017200
229 20 1 1.0 1277017200
800 2808 5 5.0 1277017200
801 608 5 4.0 1277017200
1481 3944 5 5.0 1277017200
1483 5488 5 5.0 1277017200
28 1073 5 5.0 1277103600
84 1833 5 5.0 1277103600
142 147 5 5.0 1277103600
161 1695 5 5.0 1277103600
204 1038 3 5.0 1277103600
264 1828 3 4.0 1277103600
798 3771 5 5.0 1277103600
802 389 5 4.0 1277103600
1477 203 5 4.0 1277103600
40 1274 5 5.0 1277190000
161 722 2 5.0 1277190000
165 1282 5 5.0 1277190000
175 4014 3 5.0 1277190000
176 1713 2 3.0 1277190000
211 4725 6 5.0 1277190000
560 1909 5 4.0 1277190000
802 1818 5 4.0 1277190000
1477 11345 5 4.0 1277190000
49 1546 2 5.0 1277276400
190 4383 1 4.0 1277276400
197 4444 5 5.0 1277276400
264 4017 5 5.0 1277276400
731 950 2 2.0 1277276400
1477 608 5 5.0 1277276400
28 1070 3 5.0 1277362800
49 1545 2 4.0 1277362800
131 426 5 5.0 1277362800
131 2996 5 5.0 1277362800
165 3812 3 3.0 1277362800
196 1033 5 2.0 1277362800
211 4724 6 4.0 1277362800
223 4880 2 5.0 1277362800
292 343 6 5.0 1277362800
352 4152 6 2.0 1277362800
710 9916 2 5.0 1277362800
175 4017 5 5.0 1277449200
416 7860 3 5.0 1277449200
553 2525 5 5.0 1277449200
642 1592 6 4.0 1277449200
1477 827 5 5.0 1277449200
8 442 3 4.0 1277535600
131 1253 5 2.0 1277535600
1461 1658 3 4.0 1277535600
1461 2724 6 5.0 1277535600
187 1834 5 4.0 1277622000
408 7799 3 3.0 1277622000
717 4036 2 4.0 1277622000
798 1598 1 5.0 1277622000
1483 436 5 5.0 1277622000
28 1068 5 5.0 1277708400
58 865 5 2.0 1277708400
136 1777 6 3.0 1277708400
744 899 6 4.0 1277708400
1477 2547 5 3.0 1277708400
28 1067 5 5.0 1277794800
40 1268 5 5.0 1277794800
84 2119 6 5.0 1277794800
175 1909 5 5.0 1277794800
438 1155 6 3.0 1277794800
560 3603 5 5.0 1277794800
1483 1281 5 5.0 1277794800
126 2874 5 4.0 1277881200
161 1627 2 5.0 1277881200
161 2970 2 4.0 1277881200
196 4440 5 5.0 1277881200
264 6250 5 4.0 1277881200
281 6460 3 5.0 1277881200
727 3468 2 1.0 1277881200
930 945 1 4.0 1277881200
13 711 5 2.0 1277967600
131 2995 2 5.0 1277967600
387 2481 6 5.0 1277967600
1142 12800 3 5.0 1277967600
1483 2515 5 5.0 1277967600
28 1066 2 5.0 1278054000
1483 3040 2 5.0 1278054000
8 439 5 4.0 1278140400
13 706 5 5.0 1278140400
13 707 5 5.0 1278140400
13 708 5 4.0 1278140400
28 1065 4 5.0 1278140400
129 776 5 3.0 1278140400
131 413 2 3.0 1278140400
190 4382 5 4.0 1278140400
288 3350 2 4.0 1278140400
161 3754 2 5.0 1278226800
801 2528 5 3.0 1278226800
1461 7065 2 5.0 1278226800
13 704 5 2.0 1278313200
190 1253 5 4.0 1278313200
211 4723 6 5.0 1278313200
349 2987 2 5.0 1278313200
710 9514 4 4.0 1278313200
717 2953 2 4.0 1278313200
1477 3610 5 5.0 1278313200
161 303 5 5.0 1278399600
349 6551 2 5.0 1278399600
710 10405 5 5.0 1278399600
28 1064 2 5.0 1278486000
84 2120 5 5.0 1278486000
161 1726 2 5.0 1278486000
196 1741 5 5.0 1278486000
197 166 1 4.0 1278486000
528 8861 2 3.0 1278486000
717 9651 3 5.0 1278486000
12 524 2 4.0 1278572400
136 3131 6 1.0 1278572400
528 1545 2 5.0 1278572400
1221 1728 2 5.0 1278572400
6 185 5 1.0 1278658800
174 362 2 5.0 1278658800
183 1868 5 5.0 1278658800
802 2915 5 4.0 1278658800
13 698 3 3.0 1278745200
528 2949 2 3.0 1278745200
710 8186 1 4.0 1278745200
1477 3595 5 5.0 1278831600
87 1034 2 4.0 1278918000
158 169 5 5.0 1278918000
250 446 1 5.0 1278918000
352 5299 5 4.0 1278918000
528 1690 2 5.0 1278918000
196 186 6 4.0 1279004400
198 4454 2 5.0 1279004400
560 6637 5 1.0 1279004400
643 9927 3 5.0 1279004400
727 8545 1 4.0 1279004400
12 523 2 5.0 1279090800
63 1834 5 4.0 1279090800
63 342 3 5.0 1279090800
63 1836 5 2.0 1279090800
165 352 3 5.0 1279090800
178 4096 1 4.0 1279090800
248 3499 5 4.0 1279090800
8 438 5 4.0 1279177200
40 1258 6 5.0 1279177200
49 342 3 4.0 1279177200
63 1738 5 5.0 1279177200
126 2872 3 5.0 1279177200
136 3129 6 2.0 1279177200
158 946 5 3.0 1279177200
164 2982 3 5.0 1279177200
252 4688 3 5.0 1279177200
754 10036 6 5.0 1279177200
1139 3459 6 4.0 1279177200
6 183 5 5.0 1279263600
28 1063 5 3.0 1279263600
63 1575 5 5.0 1279263600
63 1833 5 4.0 1279263600
133 3008 4 4.0 1279263600
142 3365 5 5.0 1279263600
165 3810 3 5.0 1279263600
190 405 1 4.0 1279263600
229 4934 3 5.0 1279263600
252 5914 3 5.0 1279263600
579 523 2 5.0 1279263600
717 2859 2 5.0 1279263600
1477 251 5 4.0 1279263600
13 683 5 5.0 1279350000
30 523 2 5.0 1279350000
174 2209 4 5.0 1279350000
292 268 6 3.0 1279350000
352 3139 6 5.0 1279350000
352 7238 6 4.0 1279350000
352 386 6 4.0 1279350000
353 3313 2 5.0 1279350000
650 748 5 5.0 1279350000
6 182 3 5.0 1279436400
13 681 5 5.0 1279436400
28 1061 5 5.0 1279436400
131 596 2 5.0 1279436400
136 3128 6 5.0 1279436400
199 1228 6 5.0 1279436400
212 207 5 5.0 1279436400
352 6299 6 5.0 1279436400
352 366 6 3.0 1279436400
802 1081 3 5.0 1279436400
802 6159 5 4.0 1279436400
13 680 4 5.0 1279522800
28 1060 5 5.0 1279522800
84 1274 5 2.0 1279522800
161 3753 2 4.0 1279522800
199 4463 2 5.0 1279522800
199 121 4 4.0 1279522800
292 5062 6 4.0 1279522800
352 2724 6 4.0 1279522800
1477 1717 5 2.0 1279522800
6 181 5 4.0 1279609200
40 1257 5 5.0 1279609200
131 1670 2 5.0 1279609200
131 1454 2 5.0 1279609200
187 4259 3 5.0 1279609200
248 517 5 4.0 1279609200
349 1542 2 5.0 1279609200
352 6725 2 1.0 1279609200
560 3386 5 4.0 1279609200
650 2123 5 5.0 1279609200
717 10474 2 3.0 1279609200
13 677 5 5.0 1279695600
28 1059 5 5.0 1279695600
63 1831 2 5.0 1279695600
148 3546 5 2.0 1279695600
1490 1065 4 4.0 1279695600
49 1542 2 4.0 1279782000
63 29 2 5.0 1279782000
63 899 6 5.0 1279782000
79 2033 6 5.0 1279782000
233 4787 5 5.0 1279782000
528 4232 2 4.0 1279782000
650 3814 5 4.0 1279782000
1477 612 2 5.0 1279782000
142 665 5 5.0 1279868400
177 4091 5 5.0 1279868400
212 254 5 5.0 1279868400
220 4825 4 4.0 1279868400
264 6241 3 3.0 1279868400
528 1709 2 5.0 1279868400
1477 269 5 5.0 1279868400
13 351 5 5.0 1279954800
40 1256 5 5.0 1279954800
136 3127 6 3.0 1279954800
182 1765 6 2.0 1279954800
190 2609 6 4.0 1279954800
199 4460 6 3.0 1279954800
199 1736 5 5.0 1279954800
661 6891 5 3.0 1279954800
1142 12799 4 5.0 1279954800
1806 4199 4 4.0 1279954800
10 493 3 4.0 1280041200
131 2994 2 3.0 1280041200
171 3900 2 4.0 1280041200
8 437 5 4.0 1280127600
131 2992 2 5.0 1280127600
187 1976 5 5.0 1280127600
204 3502 3 4.0 1280127600
553 1741 5 5.0 1280127600
650 118 5 4.0 1280127600
1477 167 5 5.0 1280127600
13 668 5 5.0 1280214000
63 766 5 5.0 1280214000
63 1567 5 2.0 1280214000
133 3007 4 4.0 1280214000
183 1846 3 4.0 1280214000
289 410 1 4.0 1280214000
349 1509 2 5.0 1280214000
350 2874 5 5.0 1280214000
63 1827 5 3.0 1280300400
63 1828 3 5.0 1280300400
212 221 5 5.0 1280300400
284 6528 5 4.0 1280300400
727 8065 2 4.0 1280300400
1483 8810 2 4.0 1280300400
6 167 5 4.0 1280386800
40 648 5 5.0 1280386800
63 1825 6 4.0 1280386800
133 3006 4 4.0 1280386800
306 1612 3 4.0 1280386800
349 1721 2 5.0 1280386800
465 8283 2 4.0 1280386800
560 388 5 5.0 1280386800
1461 595 2 5.0 1280386800
1483 3875 6 3.0 1280386800
6 178 5 5.0 1280473200
195 4426 4 4.0 1280473200
204 4659 4 4.0 1280473200
237 4934 3 3.0 1280473200
349 373 2 4.0 1280473200
350 103 2 4.0 1280473200
350 2953 2 4.0 1280473200
350 1034 2 4.0 1280473200
1477 1245 5 5.0 1280473200
1618 1807 4 5.0 1280473200
6 177 2 2.0 1280559600
13 665 5 5.0 1280559600
40 1255 5 5.0 1280559600
131 2753 6 5.0 1280559600
161 3752 2 4.0 1280559600
560 928 3 5.0 1280559600
641 3751 2 5.0 1280559600
1618 7990 4 4.0 1280559600
1618 2482 4 5.0 1280559600
4 121 4 4.0 1280646000
30 648 5 5.0 1280646000
131 2987 2 5.0 1280646000
354 7248 3 4.0 1280646000
1142 121 4 5.0 1280646000
1618 1457 6 4.0 1280646000
1618 4923 6 5.0 1280646000
1618 10211 6 5.0 1280646000
1618 6303 6 4.0 1280646000
6 174 3 4.0 1280732400
6 175 5 4.0 1280732400
13 664 5 5.0 1280732400
196 4437 5 4.0 1280732400
228 1227 5 5.0 1280732400
661 767 5 5.0 1280732400
1477 224 5 5.0 1280732400
1766 7069 6 4.0 1280732400
126 2869 2 5.0 1280818800
161 3751 2 5.0 1280818800
246 1803 5 5.0 1280818800
352 4659 4 3.0 1280818800
661 1573 5 5.0 1280818800
707 4829 3 4.0 1280818800
1142 525 4 5.0 1280818800
63 1821 5 4.0 1280905200
131 1028 3 5.0 1280905200
131 2985 3 5.0 1280905200
161 1736 5 2.0 1280905200
183 4169 2 5.0 1280905200
258 4460 6 5.0 1280905200
288 3914 2 4.0 1280905200
707 423 6 4.0 1280905200
1477 170 5 3.0 1280905200
13 659 5 4.0 1280991600
13 660 5 5.0 1280991600
40 342 3 5.0 1280991600
63 1820 5 5.0 1280991600
131 2984 2 5.0 1280991600
177 4089 3 5.0 1280991600
190 14 1 4.0 1280991600
199 423 6 5.0 1280991600
350 3750 2 5.0 1280991600
560 660 5 5.0 1280991600
13 658 5 5.0 1281078000
40 1253 5 2.0 1281078000
63 1819 2 4.0 1281078000
226 4901 5 4.0 1281078000
408 1083 5 5.0 1281078000
40 1252 5 5.0 1281164400
63 1818 5 4.0 1281164400
248 1268 5 4.0 1281164400
326 6938 1 5.0 1281164400
799 6197 1 5.0 1281164400
13 653 5 1.0 1281250800
63 1817 5 4.0 1281250800
131 2724 6 5.0 1281250800
131 362 2 5.0 1281250800
193 966 4 4.0 1281250800
400 96 3 5.0 1281250800
650 4949 6 5.0 1281250800
1477 183 5 5.0 1281250800
172 3937 3 3.0 1281337200
183 2942 3 5.0 1281337200
248 2892 5 4.0 1281337200
264 1865 5 5.0 1281337200
408 3377 5 5.0 1281337200
13 648 5 4.0 1281423600
84 2115 6 5.0 1281423600
187 3916 5 4.0 1281423600
256 6052 3 4.0 1281423600
381 4612 2 5.0 1281423600
416 546 1 5.0 1281423600
473 214 5 5.0 1281423600
799 6938 1 4.0 1281423600
13 645 2 4.0 1281510000
63 677 5 4.0 1281510000
193 627 2 4.0 1281510000
254 1658 3 5.0 1281510000
350 2089 3 4.0 1281510000
1477 130 5 5.0 1281510000
1477 4751 5 4.0 1281510000
1619 6806 4 5.0 1281510000
13 643 5 5.0 1281596400
131 2982 3 5.0 1281596400
212 185 5 2.0 1281596400
1142 1064 2 5.0 1281596400
13 640 5 1.0 1281682800
63 114 4 5.0 1281682800
131 91 3 5.0 1281682800
131 2981 2 5.0 1281682800
1619 992 1 5.0 1281682800
1619 2947 3 5.0 1281682800
6 169 5 5.0 1281769200
6 170 5 2.0 1281769200
13 636 5 1.0 1281769200
13 637 5 5.0 1281769200
63 1812 2 5.0 1281769200
131 168 2 4.0 1281769200
202 4611 5 2.0 1281769200
1619 2883 5 4.0 1281769200
6 168 2 4.0 1281855600
13 633 5 5.0 1281855600
13 634 5 5.0 1281855600
174 774 3 5.0 1281855600
350 7192 5 5.0 1281855600
1477 7109 2 5.0 1281855600
1477 4424 1 5.0 1281855600
1483 5866 3 5.0 1281855600
13 632 5 4.0 1281942000
171 362 2 3.0 1281942000
186 1698 2 5.0 1281942000
212 181 5 5.0 1281942000
350 2918 5 1.0 1281942000
350 2130 5 4.0 1281942000
408 4138 5 4.0 1281942000
650 2208 3 3.0 1281942000
717 23 2 5.0 1281942000
1060 121 4 5.0 1281942000
1477 10897 5 5.0 1281942000
13 630 5 5.0 1282028400
639 2995 2 4.0 1282028400
727 10531 4 4.0 1282028400
1483 7701 3 5.0 1282028400
1618 2481 6 5.0 1282028400
13 627 2 5.0 1282114800
13 628 2 5.0 1282114800
162 165 2 5.0 1282114800
177 4087 5 5.0 1282114800
193 1807 4 5.0 1282114800
264 5866 3 5.0 1282114800
416 4303 5 5.0 1282114800
1483 7248 3 4.0 1282114800
13 626 5 3.0 1282201200
63 438 5 5.0 1282201200
211 4720 5 4.0 1282201200
560 1717 5 4.0 1282201200
161 3750 2 5.0 1282287600
177 1860 5 5.0 1282287600
248 5196 5 4.0 1282287600
307 497 6 5.0 1282287600
864 2811 6 4.0 1282287600
864 7002 6 4.0 1282287600
864 4691 4 5.0 1282287600
864 7303 4 5.0 1282287600
1483 11292 5 4.0 1282287600
196 451 5 4.0 1282374000
248 4754 5 4.0 1282374000
350 5179 5 5.0 1282374000
13 623 5 4.0 1282460400
258 2130 5 5.0 1282460400
182 496 6 4.0 1282546800
184 900 3 4.0 1282546800
641 9916 2 4.0 1282546800
1618 4829 3 4.0 1282546800
1618 4978 3 3.0 1282546800
190 4379 1 3.0 1282633200
196 268 6 5.0 1282633200
864 8942 6 5.0 1282633200
864 6418 6 5.0 1282633200
1483 10932 3 4.0 1282633200
1618 3632 3 5.0 1282633200
1618 4934 3 4.0 1282633200
1618 3951 3 5.0 1282633200
1618 4659 4 3.0 1282633200
1619 7245 4 5.0 1282633200
122 2502 2 5.0 1282719600
250 503 6 5.0 1282719600
13 619 5 5.0 1282806000
64 1846 3 3.0 1282806000
164 2597 3 5.0 1282806000
416 5095 5 5.0 1282806000
724 28 3 4.0 1282806000
864 2252 6 4.0 1282806000
13 615 5 2.0 1282892400
248 127 5 4.0 1282892400
257 1586 6 4.0 1282892400
560 3810 3 4.0 1282892400
724 2472 1 4.0 1282892400
10 490 6 5.0 1282978800
190 1623 5 4.0 1282978800
310 268 6 5.0 1282978800
350 7176 5 3.0 1282978800
350 6093 5 3.0 1282978800
350 2861 2 5.0 1282978800
354 7245 4 5.0 1282978800
521 737 2 4.0 1282978800
1265 1608 1 4.0 1282978800
220 3759 2 2.0 1283065200
350 6084 5 4.0 1283065200
641 7217 3 3.0 1283065200
1265 980 1 5.0 1283065200
13 613 5 4.0 1283151600
131 2975 6 5.0 1283151600
131 2976 2 2.0 1283151600
288 6551 2 3.0 1283151600
801 623 5 4.0 1283151600
1618 2753 6 2.0 1283151600
1618 1045 2 3.0 1283151600
13 612 2 5.0 1283238000
158 3685 5 5.0 1283238000
184 3897 2 4.0 1283238000
343 7077 2 4.0 1283238000
350 5182 5 4.0 1283238000
354 2947 3 5.0 1283238000
416 7859 5 3.0 1283238000
13 389 5 5.0 1283324400
49 1540 2 5.0 1283324400
131 421 6 5.0 1283324400
131 737 2 4.0 1283324400
254 827 5 5.0 1283324400
343 1677 3 3.0 1283324400
350 5185 5 4.0 1283324400
1194 4822 4 4.0 1283324400
13 609 2 5.0 1283410800
187 3388 3 5.0 1283410800
248 5185 5 4.0 1283410800
254 6045 5 3.0 1283410800
254 303 5 3.0 1283410800
465 4442 5 5.0 1283410800
641 6269 1 3.0 1283410800
808 519 4 5.0 1283410800
1618 420 6 3.0 1283410800
1618 421 6 3.0 1283410800
58 1739 5 5.0 1283497200
254 664 5 5.0 1283497200
292 4325 6 4.0 1283497200
310 3638 3 5.0 1283497200
1142 4284 6 4.0 1283497200
171 3897 2 2.0 1283583600
177 1583 5 3.0 1283583600
982 9409 3 2.0 1283583600
1461 4284 6 5.0 1283583600
1618 423 6 3.0 1283583600
1618 7215 3 2.0 1283583600
66 1884 6 5.0 1283670000
126 2863 5 5.0 1283670000
135 3048 3 4.0 1283670000
174 3583 2 5.0 1283670000
175 4015 3 5.0 1283670000
248 5182 5 4.0 1283670000
310 6760 3 4.0 1283670000
650 3055 6 4.0 1283670000
1142 3048 3 5.0 1283670000
131 950 2 1.0 1283756400
258 6093 5 4.0 1283756400
350 1718 2 5.0 1283756400
801 2525 5 5.0 1283756400
1265 400 5 5.0 1283756400
1461 6955 6 5.0 1283756400
1493 14231 2 5.0 1283756400
132 1807 4 5.0 1283842800
157 3655 5 5.0 1283842800
250 110 2 4.0 1283842800
310 506 3 4.0 1283842800
416 7858 1 5.0 1283842800
560 186 6 3.0 1283842800
1483 7728 2 4.0 1283842800
131 2973 2 5.0 1283929200
162 58 3 5.0 1283929200
258 5875 5 5.0 1283929200
801 514 5 4.0 1283929200
1142 3460 3 5.0 1283929200
7 343 6 5.0 1284015600
171 2753 6 5.0 1284015600
185 3638 3 5.0 1284015600
310 352 3 4.0 1284015600
350 6648 5 5.0 1284015600
350 588 5 3.0 1284015600
801 2069 5 1.0 1284015600
982 3632 3 5.0 1284015600
84 2114 2 5.0 1284102000
131 849 3 5.0 1284102000
185 4225 3 4.0 1284102000
196 1825 6 4.0 1284102000
248 5179 5 4.0 1284102000
253 2719 3 4.0 1284102000
404 751 5 5.0 1284102000
639 6092 5 5.0 1284102000
641 9276 3 5.0 1284102000
798 2960 3 5.0 1284102000
1142 3359 3 5.0 1284102000
59 1754 5 4.0 1284188400
175 800 1 5.0 1284188400
217 2916 2 4.0 1284188400
1483 5027 3 4.0 1284188400
126 2861 2 5.0 1284274800
650 3681 5 4.0 1284274800
1142 4734 3 2.0 1284274800
68 1915 6 5.0 1284361200
131 2971 2 5.0 1284361200
161 3747 5 4.0 1284361200
258 6092 5 5.0 1284361200
310 6759 3 4.0 1284361200
350 3047 2 4.0 1284361200
368 343 6 5.0 1284361200
639 3681 5 5.0 1284361200
1061 966 4 5.0 1284361200
131 2717 2 5.0 1284447600
174 3994 2 5.0 1284447600
447 3365 5 5.0 1284447600
454 3669 5 5.0 1284447600
456 96 3 4.0 1284447600
553 4772 5 4.0 1284447600
670 668 5 4.0 1284447600
1618 4339 3 4.0 1284447600
1618 4153 6 4.0 1284447600
1618 12947 4 5.0 1284447600
1913 5008 6 5.0 1284447600
1913 4991 6 3.0 1284447600
1913 5022 6 4.0 1284447600
13 110 2 4.0 1284534000
28 1053 3 5.0 1284534000
68 1914 6 4.0 1284534000
129 2892 5 5.0 1284534000
131 2970 2 5.0 1284534000
157 3649 5 5.0 1284534000
157 3661 5 5.0 1284534000
254 183 5 4.0 1284534000
1913 5023 6 3.0 1284534000
13 608 5 5.0 1284620400
650 9956 5 4.0 1284620400
49 1539 2 5.0 1284706800
165 3809 2 5.0 1284706800
184 2956 2 5.0 1284706800
229 3618 5 5.0 1284706800
237 5024 3 4.0 1284706800
553 1060 5 5.0 1284706800
1913 2645 6 4.0 1284706800
1913 121 4 5.0 1284706800
161 2843 2 5.0 1284793200
250 5875 5 5.0 1284793200
553 8337 5 5.0 1284793200
28 1052 2 5.0 1284879600
126 2859 2 5.0 1284879600
237 3804 3 4.0 1284879600
40 1250 1 5.0 1284966000
126 595 2 4.0 1284966000
310 3632 3 5.0 1284966000
343 1699 2 4.0 1284966000
650 3861 5 5.0 1284966000
659 7176 5 4.0 1284966000
1142 9028 2 5.0 1284966000
84 2112 2 5.0 1285052400
182 4156 6 5.0 1285052400
193 4011 3 4.0 1285052400
1483 8861 2 1.0 1285052400
1913 5012 6 4.0 1285052400
40 1249 5 2.0 1285138800
310 1658 3 5.0 1285138800
346 3309 6 5.0 1285138800
422 7893 1 3.0 1285138800
1142 3022 4 5.0 1285138800
6 166 1 5.0 1285225200
131 2967 2 5.0 1285225200
264 6229 2 4.0 1285225200
310 6758 3 4.0 1285225200
1222 7346 1 5.0 1285225200
1463 5123 3 5.0 1285225200
174 1247 2 5.0 1285311600
258 4458 6 5.0 1285311600
560 1006 2 4.0 1285311600
1913 13253 2 5.0 1285311600
248 189 5 4.0 1285398000
306 1001 2 5.0 1285398000
798 9140 6 4.0 1285398000
68 386 6 4.0 1285484400
161 771 1 4.0 1285484400
185 2811 6 5.0 1285484400
553 9028 2 5.0 1285484400
798 449 6 3.0 1285484400
1913 5004 6 2.0 1285484400
6 165 2 4.0 1285570800
49 612 2 5.0 1285570800
66 1883 6 5.0 1285570800
131 2965 2 5.0 1285570800
165 2112 2 5.0 1285570800
182 2033 6 3.0 1285570800
258 2224 3 5.0 1285570800
1618 7970 6 4.0 1285570800
84 519 4 5.0 1285657200
416 7857 1 5.0 1285657200
677 7383 2 5.0 1285657200
13 607 2 5.0 1285743600
211 4175 5 4.0 1285743600
256 6050 5 5.0 1285743600
1240 995 6 5.0 1285743600
28 1049 2 5.0 1285830000
135 3047 2 4.0 1285830000
295 1882 6 5.0 1285830000
28 1048 2 2.0 1285916400
178 4095 6 3.0 1285916400
224 2292 6 4.0 1285916400
40 1247 2 5.0 1286002800
66 1882 6 5.0 1286002800
161 93 5 4.0 1286002800
224 423 6 4.0 1286002800
224 1040 2 4.0 1286002800
1240 4334 6 5.0 1286002800
129 2270 5 5.0 1286089200
465 91 3 5.0 1286089200
1218 1825 6 4.0 1286089200
1240 2832 6 4.0 1286089200
1240 6576 6 5.0 1286089200
40 595 2 4.0 1286175600
59 1752 5 4.0 1286175600
68 1747 5 5.0 1286175600
75 982 1 4.0 1286175600
75 2002 5 4.0 1286175600
224 1767 6 4.0 1286175600
349 2959 2 5.0 1286175600
553 595 2 5.0 1286175600
930 470 4 3.0 1286175600
1913 12695 6 4.0 1286175600
1 3 1 5.0 1286262000
67 339 3 3.0 1286262000
86 28 3 5.0 1286262000
165 99 3 5.0 1286262000
258 6084 5 2.0 1286262000
40 603 2 5.0 1286348400
1240 2393 6 5.0 1286348400
1766 6351 6 4.0 1286348400
24 966 4 3.0 1286434800
131 2960 3 5.0 1286434800
161 3745 5 4.0 1286434800
174 3990 2 2.0 1286434800
890 11469 6 3.0 1286434800
1937 1883 6 4.0 1286434800
28 1046 6 5.0 1286521200
40 1246 5 5.0 1286521200
1240 4746 6 4.0 1286521200
3 114 4 4.0 1286607600
136 3123 6 2.0 1286607600
825 8620 3 5.0 1286607600
1240 502 6 5.0 1286607600
28 1045 2 4.0 1286694000
67 58 3 4.0 1286694000
161 3603 5 3.0 1286694000
165 3807 2 1.0 1286694000
188 1585 6 5.0 1286694000
3 112 6 5.0 1286780400
13 606 2 5.0 1286780400
126 2854 2 5.0 1286780400
190 4374 1 4.0 1286780400
536 2114 2 4.0 1286780400
553 4901 5 5.0 1286780400
1240 3146 6 4.0 1286780400
157 3658 3 5.0 1286866800
709 7271 4 5.0 1286866800
3 110 2 5.0 1286953200
40 683 5 5.0 1286953200
62 1777 6 3.0 1286953200
202 4610 5 4.0 1286953200
238 5031 4 1.0 1286953200
1240 3141 6 4.0 1286953200
1240 5010 6 5.0 1287039600
3 109 3 5.0 1287126000
7 342 3 4.0 1287126000
28 434 2 5.0 1287126000
352 3655 5 5.0 1287126000
553 3657 2 5.0 1287126000
560 1921 6 5.0 1287126000
1240 6832 6 5.0 1287126000
75 2000 1 5.0 1287212400
131 2959 2 5.0 1287212400
198 4162 3 4.0 1287212400
465 8278 5 4.0 1287212400
706 6621 6 4.0 1287212400
706 4726 6 5.0 1287212400
706 3356 6 3.0 1287212400
1240 6811 6 5.0 1287212400
7 341 6 5.0 1287298800
82 2069 5 2.0 1287298800
157 3657 2 5.0 1287298800
3 108 4 1.0 1287385200
49 1538 2 5.0 1287385200
135 3043 2 5.0 1287385200
136 3122 6 5.0 1287385200
188 3055 6 5.0 1287385200
349 1040 2 3.0 1287385200
553 9021 2 5.0 1287385200
1240 5008 6 5.0 1287385200
7 339 3 1.0 1287471600
59 1751 6 5.0 1287471600
717 4786 2 2.0 1287471600
7 338 2 5.0 1287558000
153 3586 2 4.0 1287558000
236 4992 6 4.0 1287558000
249 1070 3 5.0 1287558000
1218 414 6 4.0 1287558000
9 455 4 5.0 1287644400
13 603 2 3.0 1287644400
58 1738 5 2.0 1287644400
126 2850 3 3.0 1287644400
176 470 4 2.0 1287644400
310 98 3 5.0 1287644400
639 7722 2 3.0 1287644400
650 9955 2 5.0 1287644400
1618 4726 6 5.0 1287644400
158 3681 5 5.0 1287730800
565 9158 6 4.0 1287730800
706 81 5 5.0 1287730800
3 106 5 5.0 1287817200
59 1749 5 4.0 1287817200
136 3121 6 5.0 1287817200
182 4155 6 3.0 1287817200
1142 2048 3 5.0 1287903600
1240 10036 6 5.0 1287903600
1483 7327 5 5.0 1287903600
1913 2823 6 5.0 1287903600
345 7086 2 5.0 1287990000
345 1819 2 4.0 1287990000
385 6031 1 5.0 1287990000
465 3546 5 4.0 1288076400
28 1043 3 4.0 1288162800
153 3583 2 5.0 1288162800
185 1314 2 5.0 1288162800
345 477 4 4.0 1288162800
345 121 4 4.0 1288162800
659 1820 5 5.0 1288162800
709 5034 4 4.0 1288162800
1483 1626 4 5.0 1288162800
1483 5494 5 4.0 1288162800
1483 8065 2 5.0 1288162800
1598 7891 4 5.0 1288162800
1913 4997 6 4.0 1288162800
131 2956 2 5.0 1288249200
199 1808 6 5.0 1288249200
258 5196 5 2.0 1288249200
345 3678 2 5.0 1288249200
709 3459 6 5.0 1288249200
1483 8278 5 4.0 1288249200
68 1909 5 4.0 1288335600
185 3744 2 5.0 1288335600
198 96 3 3.0 1288335600
254 6042 5 5.0 1288335600
310 1043 3 4.0 1288335600
248 1793 5 2.0 1288422000
709 10394 1 5.0 1288422000
709 7897 6 4.0 1288422000
801 8079 5 5.0 1288422000
825 1496 2 4.0 1288422000
1483 4169 2 5.0 1288422000
199 4284 6 5.0 1288508400
248 665 5 4.0 1288508400
709 7509 4 4.0 1288508400
86 2202 4 5.0 1288594800
134 1938 6 5.0 1288594800
136 3120 6 4.0 1288594800
199 4458 6 4.0 1288594800
204 1707 2 2.0 1288594800
343 3750 2 5.0 1288594800
68 1907 6 3.0 1288681200
82 2067 5 4.0 1288681200
727 339 3 4.0 1288681200
310 102 3 4.0 1288767600
717 1529 2 5.0 1288767600
134 983 4 3.0 1288854000
236 4991 6 5.0 1288854000
1 2 1 5.0 1288940400
86 2201 4 4.0 1288940400
158 3678 2 5.0 1288940400
1240 3241 6 5.0 1288940400
1743 9011 5 5.0 1288940400
553 306 5 5.0 1289026800
727 2331 2 4.0 1289026800
1240 8032 6 4.0 1289026800
3 104 3 3.0 1289113200
86 2198 4 5.0 1289113200
288 1145 2 5.0 1289113200
1225 6484 2 2.0 1289113200
28 421 6 5.0 1289199600
49 1537 2 4.0 1289199600
465 1537 2 4.0 1289199600
802 7337 5 4.0 1289199600
12 520 1 4.0 1289286000
40 1245 5 5.0 1289286000
195 4424 1 5.0 1289286000
28 1042 3 5.0 1289372400
41 1447 6 5.0 1289372400
68 9 1 4.0 1289372400
258 1724 2 4.0 1289372400
281 6451 3 5.0 1289372400
384 6306 6 4.0 1289372400
188 4330 6 5.0 1289458800
423 5527 5 5.0 1289458800
553 9016 5 5.0 1289458800
709 4925 6 3.0 1289458800
930 8272 3 3.0 1289458800
7 335 2 5.0 1289545200
136 2444 6 5.0 1289545200
182 4153 6 3.0 1289545200
184 4187 2 5.0 1289545200
212 399 1 5.0 1289545200
345 628 2 3.0 1289545200
709 6688 2 5.0 1289545200
1483 3455 2 5.0 1289545200
7 177 2 5.0 1289631600
135 3040 2 5.0 1289631600
1483 683 5 4.0 1289631600
82 231 5 4.0 1289718000
131 1040 2 5.0 1289718000
212 167 5 5.0 1289718000
254 2897 5 5.0 1289718000
1240 2833 6 4.0 1289718000
1477 4235 5 5.0 1289718000
1483 7868 2 5.0 1289718000
6 161 5 2.0 1289804400
13 596 2 5.0 1289804400
345 7081 3 5.0 1289804400
349 7109 2 5.0 1289804400
465 1622 2 4.0 1289804400
709 1727 2 4.0 1289804400
1483 4934 3 4.0 1289804400
1483 1059 5 5.0 1289804400
190 4373 1 4.0 1289890800
233 4956 5 5.0 1289890800
245 2557 5 5.0 1289890800
553 2767 5 5.0 1289890800
1240 4947 6 5.0 1289890800
6 159 1 5.0 1289977200
68 1903 6 5.0 1289977200
258 1707 2 4.0 1289977200
553 3610 5 5.0 1289977200
650 1707 2 1.0 1289977200
717 1622 2 5.0 1289977200
1194 9158 6 5.0 1289977200
28 1040 2 5.0 1290063600
153 3580 2 5.0 1290063600
165 3806 5 4.0 1290063600
306 493 3 4.0 1290063600
642 9922 6 3.0 1290063600
708 1725 2 4.0 1290063600
53 1631 5 4.0 1290150000
59 1747 5 4.0 1290150000
705 484 6 4.0 1290150000
1483 3007 4 4.0 1290150000
3 103 2 5.0 1290236400
185 315 2 5.0 1290236400
553 1740 5 5.0 1290236400
705 6621 6 5.0 1290236400
708 10380 1 1.0 1290236400
717 1698 2 5.0 1290236400
1240 2115 6 4.0 1290236400
6 157 5 4.0 1290322800
65 764 5 4.0 1290322800
164 1558 2 1.0 1290322800
352 2863 5 5.0 1290322800
708 7936 4 5.0 1290322800
930 858 1 4.0 1290322800
182 484 6 3.0 1290409200
233 858 1 4.0 1290409200
801 259 5 4.0 1290409200
6 156 5 5.0 1290495600
256 6049 5 5.0 1290495600
310 4426 4 4.0 1290495600
553 3807 2 5.0 1290495600
1477 221 5 5.0 1290495600
57 737 2 5.0 1290582000
165 3804 3 5.0 1290582000
1493 1184 2 4.0 1290582000
6 153 5 5.0 1290668400
250 421 6 5.0 1290668400
250 414 6 4.0 1290668400
289 1928 1 5.0 1290668400
708 4187 2 4.0 1290668400
717 3063 4 3.0 1290668400
165 3805 3 4.0 1290754800
212 1691 2 4.0 1290754800
1913 11494 6 4.0 1290754800
1140 4626 4 5.0 1290841200
57 1727 2 5.0 1290927600
88 2209 4 5.0 1290927600
135 938 3 4.0 1290927600
174 3358 3 5.0 1290927600
250 4458 6 5.0 1290927600
287 4420 2 4.0 1290927600
705 6826 5 3.0 1290927600
59 79 5 4.0 1291014000
135 3037 6 5.0 1291014000
139 1558 2 4.0 1291014000
187 4247 2 4.0 1291014000
705 9242 6 4.0 1291014000
705 4098 6 5.0 1291014000
705 4944 6 4.0 1291014000
57 1565 5 5.0 1291100400
68 1902 2 4.0 1291100400
68 1635 5 4.0 1291100400
250 5872 3 4.0 1291100400
349 1558 2 2.0 1291100400
129 2724 6 4.0 1291186800
247 1537 2 4.0 1291186800
752 4975 3 4.0 1291186800
65 1868 5 4.0 1291273200
148 2837 2 4.0 1291273200
1225 519 4 5.0 1291273200
147 2002 5 4.0 1291359600
177 4081 5 5.0 1291359600
177 4082 5 5.0 1291359600
801 5027 3 4.0 1291359600
1483 4017 5 4.0 1291359600
131 2954 2 1.0 1291446000
147 2903 5 3.0 1291446000
237 493 3 4.0 1291446000
1240 8572 6 5.0 1291446000
1483 8300 2 4.0 1291446000
57 1726 2 5.0 1291532400
174 355 6 5.0 1291532400
177 3940 2 5.0 1291532400
186 3752 2 5.0 1291532400
13 314 2 5.0 1291618800
68 1901 5 3.0 1291618800
171 1674 6 3.0 1291618800
1240 423 6 4.0 1291618800
1101 4924 4 3.0 1291705200
1743 1897 6 4.0 1291705200
1913 8873 4 3.0 1291705200
28 793 5 5.0 1291791600
68 1195 5 3.0 1291791600
153 3578 2 4.0 1291791600
147 3520 5 5.0 1291878000
158 2182 5 5.0 1291878000
161 3744 2 4.0 1291878000
306 4420 2 5.0 1291878000
12 519 4 5.0 1291964400
68 1899 5 5.0 1291964400
465 1700 2 3.0 1291964400
708 3994 2 5.0 1291964400
1477 5248 5 5.0 1291964400
57 417 5 5.0 1292050800
801 7192 5 5.0 1292050800
1240 1914 6 4.0 1292050800
10 486 3 5.0 1292137200
57 1478 2 5.0 1292137200
68 1898 5 4.0 1292137200
199 1674 6 5.0 1292137200
6 147 5 5.0 1292223600
56 1676 6 3.0 1292223600
56 1677 3 2.0 1292223600
153 519 4 5.0 1292223600
356 2995 2 2.0 1292223600
56 1674 6 5.0 1292310000
57 1725 2 5.0 1292310000
131 357 2 5.0 1292310000
264 3631 3 4.0 1292310000
553 9011 5 5.0 1292310000
801 3422 3 3.0 1292310000
1483 5146 5 5.0 1292310000
65 1865 5 4.0 1292396400
129 2888 5 5.0 1292396400
352 7222 5 4.0 1292396400
801 6049 5 4.0 1292396400
56 1568 2 3.0 1292482800
131 2953 2 4.0 1292482800
349 7105 2 5.0 1292482800
352 1252 5 5.0 1292482800
408 824 5 5.0 1292482800
707 502 6 4.0 1292482800
708 343 6 5.0 1292482800
2052 8589 6 2.0 1292482800
57 1724 2 5.0 1292569200
147 1237 5 4.0 1292569200
212 259 5 4.0 1292569200
324 4825 4 4.0 1292569200
801 4772 5 4.0 1292569200
1477 2897 5 5.0 1292569200
84 1903 6 5.0 1292655600
349 2949 2 5.0 1292655600
1240 5021 6 4.0 1292655600
1913 5001 6 4.0 1292655600
57 1723 5 5.0 1292742000
248 5148 5 4.0 1292742000
352 363 5 5.0 1292742000
890 3482 6 4.0 1292742000
65 1862 5 3.0 1292828400
349 2950 2 4.0 1292828400
651 9968 3 5.0 1292828400
56 1585 6 5.0 1292914800
57 1722 2 5.0 1292914800
717 9581 4 5.0 1292914800
40 426 5 5.0 1293001200
57 1721 2 5.0 1293001200
167 519 4 5.0 1293001200
212 276 5 5.0 1293001200
560 3787 2 5.0 1293001200
706 7447 6 4.0 1293001200
717 1987 2 3.0 1293001200
1477 224 5 5.0 1293001200
40 1244 5 5.0 1293087600
57 1720 2 5.0 1293087600
164 214 5 5.0 1293087600
706 490 6 5.0 1293087600
1483 1558 2 3.0 1293087600
28 1038 3 5.0 1293174000
30 1126 6 3.0 1293174000
1240 13275 6 5.0 1293174000
1140 1126 6 5.0 1293346800
1477 4677 5 3.0 1293346800
3 102 3 5.0 1293433200
28 1036 2 3.0 1293433200
349 1617 2 4.0 1293433200
4 118 5 5.0 1293519600
6 143 5 5.0 1293519600
28 1035 5 4.0 1293519600
194 519 4 4.0 1293519600
220 1808 6 4.0 1293519600
248 5146 5 4.0 1293519600
144 2757 3 4.0 1293606000
147 2909 5 1.0 1293606000
185 1674 6 5.0 1293606000
706 3026 5 2.0 1293606000
708 1714 2 3.0 1293606000
708 722 2 4.0 1293606000
