114962 31362 29779 5.0 1609515298
298927 36227 34347 5.0 1609524030
298927 39642 37538 5.0 1609524516
298927 27446 26146 5.0 1609529432
156929 82197 77220 5.0 1609623979
90910 5757 5612 5.0 1609706930
55648 40115 37980 5.0 1609807582
26137 22450 21467 5.0 1609889999
26137 3240 3157 5.0 1609890181
24875 21661 20719 5.0 1609902079
24875 21660 20718 5.0 1609902128
24875 3891 3792 5.0 1609903774
10078 10279 9946 5.0 1609950604
10078 10278 9945 5.0 1609950682
26137 22449 21466 5.0 1610044115
1136 1516 1492 5.0 1610151200
336221 117886 110510 5.0 1610236576
336221 24771 23636 5.0 1610236631
20896 621 613 5.0 1610486841
356101 94119 88371 5.0 1610580829
356101 16950 16262 5.0 1610580876
356101 634 626 5.0 1610580965
356101 11986 11559 5.0 1610581028
356101 638 630 5.0 1610581077
356101 3406 3319 5.0 1610581123
356101 7440 7228 5.0 1610581219
356101 1592 1561 5.0 1610581406
31820 26217 24987 5.0 1610587588
50026 747 739 5.0 1610759198
6529 7100 6905 4.0 1610936298
258224 92689 87034 5.0 1611026215
258224 111321 104362 5.0 1611026297
258224 55585 52358 5.0 1611026378
258224 95589 89747 5.0 1611026444
258224 98206 92168 5.0 1611026487
258224 103352 96951 5.0 1611026644
258224 53456 50396 5.0 1611026717
258224 111315 104356 5.0 1611026749
258224 111310 104351 5.0 1611026978
258224 34831 33030 5.0 1611027212
97401 59785 56289 5.0 1611070748
97401 51103 48234 5.0 1611070852
156929 42457 40181 5.0 1611111370
156929 82196 77219 5.0 1611111388
156929 63117 26352 5.0 1611111444
156929 23717 22659 5.0 1611111461
90910 12003 4537 5.0 1611122108
223851 80078 75233 5.0 1611341309
94058 8690 8430 5.0 1611356531
31165 25781 12492 5.0 1611457817
31165 20883 12492 5.0 1611458030
26137 22448 21465 5.0 1611901780
24875 20612 19739 5.0 1611952376
24875 21659 20717 5.0 1611952627
263 381 378 5.0 1612214456
90910 56999 53688 5.0 1612221166
122515 8273 8030 4.0 1612472977
143062 77209 72549 5.0 1612559914
6529 7099 6904 5.0 1612825404
1763 2299 2243 5.0 1612869900
97021 49606 46842 5.0 1613000865
147042 70095 65893 5.0 1613180744
223851 56390 53123 5.0 1613231378
223851 67645 63587 5.0 1613231812
72421 48638 45943 5.0 1613250916
97401 54026 50928 5.0 1613381937
72421 48637 45942 3.0 1613536568
274092 106788 100140 5.0 1613838948
24875 21658 20716 5.0 1613951883
24875 21657 2298 5.0 1613951988
24875 21656 20715 5.0 1613952295
220385 101071 17407 5.0 1613997633
99970 4420 3860 5.0 1614043202
6529 7095 6900 5.0 1614379252
1763 2298 2242 5.0 1614490793
450598 54915 51734 5.0 1614543585
99400 50923 48070 5.0 1614635842
33538 27330 19941 5.0 1614640838
33538 4519 4400 5.0 1614735781
33538 9493 9199 5.0 1614803185
4193 4819 4692 5.0 1614887444
25449 21977 21019 4.0 1614967380
21691 19451 18635 5.0 1615073492
315 484 477 5.0 1615149708
417128 87641 82327 5.0 1615212608
417128 140433 131535 5.0 1615212640
417128 104937 98420 5.0 1615212681
417128 147526 138168 5.0 1615212733
417128 113546 106438 5.0 1615212750
417128 16026 15378 5.0 1615212774
417128 13538 13035 5.0 1615212826
144543 76010 71427 5.0 1615375366
1478 1962 1724 5.0 1615485684
1478 1961 1920 5.0 1615486302
1478 1960 1919 5.0 1615486671
233789 43372 41038 5.0 1615486835
250 313 312 5.0 1615507983
233789 43397 41062 5.0 1615511730
233789 36156 34277 1.0 1615511824
233789 71331 67050 5.0 1615511911
137079 29946 28469 5.0 1615577487
26137 22445 21462 5.0 1615583371
1763 2297 2241 5.0 1615627994
99400 11153 10780 5.0 1615668663
99400 395 392 4.0 1615668714
257124 50006 47218 2.0 1615843637
22478 17725 17002 4.0 1615870154
53748 39135 37069 5.0 1615916871
94058 12046 11616 5.0 1616004631
97401 18720 17944 5.0 1616009766
97401 23452 22409 5.0 1616009927
97401 59782 56286 5.0 1616010012
97401 13304 12811 5.0 1616010086
97401 35144 33323 5.0 1616010145
97401 6037 5882 5.0 1616010257
336221 130283 122055 5.0 1616109683
99400 60582 57020 2.0 1616282500
114709 66639 360 1.0 1616359570
6987 5515 5378 5.0 1616369650
336221 11286 10904 5.0 1616436584
51299 416 413 5.0 1616505699
390890 105062 98537 5.0 1616523331
336127 103720 97296 4.0 1616537116
44378 34067 32325 5.0 1616760818
6529 1098 1085 5.0 1616826174
274092 115508 106971 5.0 1616848363
31165 25780 12492 5.0 1616854921
368376 76331 71728 5.0 1617201616
368376 2107 2056 5.0 1617201983
336221 126754 118759 5.0 1617236883
336221 27383 26085 5.0 1617237003
336221 130281 122053 5.0 1617237051
336221 20769 19885 5.0 1617322445
24875 21655 7407 5.0 1617410208
157573 2460 2404 5.0 1617574997
99400 60003 56489 3.0 1617653168
137079 67192 63172 5.0 1617659848
215083 99571 93451 5.0 1617900619
215083 64934 61054 5.0 1617900682
215083 20690 19813 5.0 1617900764
51299 37773 35788 5.0 1617920577
16811 2252 2196 5.0 1617997598
16811 15817 15182 5.0 1617997623
251 351 348 5.0 1618004195
336221 130279 122051 5.0 1618059210
6529 7090 6895 5.0 1618266173
6529 7089 6894 5.0 1618266242
31165 25778 12492 5.0 1618434691
31165 12966 12492 5.0 1618434742
31165 12946 12473 5.0 1618513162
44378 34066 32324 5.0 1618684149
12860 12681 12217 5.0 1618734468
223851 102093 5684 5.0 1618766666
336221 27385 26087 3.0 1618779284
78255 1399 1377 5.0 1619158251
336221 14947 14363 5.0 1619222685
12860 12680 12216 4.0 1619310799
35257 28412 27045 5.0 1619401865
107424 63822 60029 5.0 1619739979
30752 25485 5474 5.0 1620411467
156861 10771 10409 5.0 1620413495
250 351 348 5.0 1620507114
315 483 476 4.0 1620695297
114709 66638 13737 5.0 1620779974
450598 121886 114238 5.0 1620875381
250 350 347 5.0 1620942536
40706 31832 30224 5.0 1621002709
220385 101068 12101 5.0 1621048352
336221 39467 37375 5.0 1621179868
6529 7087 6892 5.0 1621192483
90910 19245 18436 5.0 1621366737
550429 98922 92846 5.0 1621381634
73377 49088 25692 5.0 1621445089
133681 73879 69445 5.0 1621461018
75216 11894 11471 5.0 1621556870
91158 46860 44294 5.0 1621623455
165818 85180 80024 5.0 1621641036
346527 45761 43263 5.0 1621778019
126316 59561 56079 1.0 1621979595
450598 69119 64972 5.0 1622335632
450598 18240 17494 2.0 1622335708
51299 36312 34428 5.0 1622388479
51299 3842 3743 5.0 1622389017
99400 60580 57018 5.0 1622424196
91158 57114 53795 5.0 1622568965
463392 106795 100147 5.0 1622601529
462411 156342 146393 5.0 1622605041
99400 60579 57017 3.0 1622705679
320238 39369 37286 5.0 1623001949
43217 351 348 5.0 1623108437
265135 351 348 5.0 1623108437
554090 100869 94642 5.0 1623118741
554090 18181 17439 5.0 1623118817
143424 2448 2392 2.0 1623126782
94058 58401 55009 5.0 1623133802
18087 16812 16133 5.0 1623189982
113911 66343 62374 5.0 1623288315
157012 11117 10745 5.0 1623288370
450598 199 198 5.0 1623353050
5929 6533 6356 4.0 1623425323
73377 26964 25692 5.0 1623452707
73377 31275 25692 5.0 1623457634
12860 351 348 5.0 1623521753
12860 3682 3585 5.0 1623526025
12860 12679 12215 4.0 1623529353
12860 483 476 4.0 1623529953
12860 394 391 5.0 1623715685
6529 4520 4401 5.0 1623780854
90910 56997 4620 5.0 1623802133
94058 58400 55008 5.0 1623879320
558416 2240 2184 5.0 1623971999
543252 16676 16000 5.0 1623976630
12860 350 347 5.0 1624112705
24018 21082 20178 5.0 1624137984
24018 10348 10014 5.0 1624138081
24018 395 392 5.0 1624138169
144218 10352 10018 5.0 1624399335
144218 77681 72996 5.0 1624399581
144218 10295 9962 5.0 1624400066
144218 12872 12403 5.0 1624400179
35257 28410 27043 5.0 1624416427
462411 10151 9829 5.0 1624555117
462411 18184 1469 5.0 1624555206
462411 106791 100143 5.0 1624555269
436 638 630 5.0 1624659611
436 637 629 4.0 1624663582
436 636 628 5.0 1624670066
436 635 627 5.0 1624670697
436 634 626 5.0 1624671357
438240 88543 83168 5.0 1624710689
558416 70223 66006 5.0 1624825321
24875 21654 7407 4.0 1624841284
40706 26902 25634 5.0 1625160263
543252 16014 15368 5.0 1625170995
543252 37520 35548 5.0 1625171062
143424 77352 72686 4.0 1625191735
113911 3364 3277 5.0 1625678395
94743 17698 16975 5.0 1625775123
94743 26747 25491 5.0 1625775166
94743 15928 15289 5.0 1625775210
94743 51558 48654 5.0 1625775239
94743 23446 22403 5.0 1625775316
436 633 625 5.0 1626106791
6987 4795 4668 5.0 1626110956
122083 62204 36017 5.0 1626121940
18087 16809 16130 5.0 1626124744
18087 16808 16129 5.0 1626124801
25449 21976 21018 2.0 1626183898
25449 10124 1576 3.0 1626184068
250 348 345 5.0 1626198497
12860 5776 5630 5.0 1626366483
6529 7085 6890 5.0 1626732123
38414 103 103 4.0 1626841691
50200 810 801 4.0 1627350803
18087 9534 9239 5.0 1627407886
303 439 436 5.0 1627414848
75759 39594 37492 5.0 1627688740
20994 18954 18156 4.0 1627749292
20994 18953 18155 4.0 1627749624
223851 2250 2194 5.0 1627762866
215083 17660 16940 5.0 1627836518
5929 6532 6355 4.0 1627851832
5929 6531 6354 4.0 1627852893
114709 66636 62647 5.0 1628026843
75759 16305 15646 5.0 1628059194
44518 34162 32413 5.0 1628187969
251 361 358 5.0 1628499384
71052 482 475 5.0 1628548179
114709 66635 62646 5.0 1628625112
114709 66634 62645 4.0 1628625162
114709 44738 42302 5.0 1628625199
114709 66633 62644 5.0 1628625261
543252 130279 122051 5.0 1628705094
30752 12742 12276 5.0 1628955009
44518 34161 32412 4.0 1628961535
315 482 475 4.0 1629069449
114962 66739 62746 5.0 1629085210
22478 20024 19182 5.0 1629329199
22478 20023 19181 5.0 1629329332
543252 62292 58622 5.0 1629491206
558416 13984 13464 5.0 1629655063
193956 36300 34417 5.0 1630081042
217476 100231 94057 5.0 1630107213
90910 27069 25792 5.0 1630530529
18087 16806 16127 5.0 1630694362
272464 1725 1689 5.0 1630733853
272464 270 269 5.0 1630734338
336221 36618 34710 5.0 1630936041
336221 66143 62185 5.0 1630936110
71052 47955 45302 3.0 1630963804
315 481 474 5.0 1630975894
346527 92261 86637 5.0 1631115362
558416 40812 38637 5.0 1631309567
558416 35008 33196 5.0 1631309948
217476 75321 70785 5.0 1631404305
217476 84393 79276 5.0 1631404335
315 480 473 4.0 1631421218
114962 13237 12747 5.0 1631489992
157012 42515 40236 5.0 1631580577
336221 93124 87450 5.0 1631924974
336221 26615 25367 5.0 1631925168
212686 91580 86005 5.0 1632329580
184211 48669 45973 5.0 1632515317
7176 142 141 5.0 1632557475
7176 7732 7509 5.0 1632557602
50200 19290 18479 5.0 1632691705
149815 9345 9063 5.0 1632886006
7176 7731 7508 5.0 1633278286
7176 7730 7507 5.0 1633278459
122083 52329 49361 5.0 1633378120
121525 34198 32445 5.0 1633388891
13321 724 716 5.0 1633401888
80016 50169 47370 5.0 1633466112
1763 2296 2240 5.0 1633754146
436 632 624 5.0 1633986963
250 345 342 5.0 1634137154
7176 7729 7506 5.0 1634144915
7176 7728 7505 5.0 1634145012
7176 7726 7503 5.0 1634145164
157009 53663 50591 4.0 1634149625
23831 20858 11764 5.0 1634418252
92128 57583 54240 1.0 1634753917
92128 2064 2015 4.0 1634754350
92128 57582 54239 5.0 1634754631
92128 11785 11366 4.0 1634754747
92128 16086 15436 2.0 1634754843
92128 12870 12401 2.0 1634755677
92128 6924 6734 5.0 1634755840
92128 4386 4270 5.0 1634756495
92128 9689 9390 5.0 1634756630
92128 5757 5612 5.0 1634756750
92128 1783 1746 5.0 1634757132
25850 22234 21265 5.0 1634916192
18087 16805 16126 5.0 1635102974
13321 13065 12583 5.0 1635190538
436 631 623 5.0 1635308097
92128 40399 38249 4.0 1635456110
92128 57580 54237 5.0 1635456237
92128 57579 54236 3.0 1635456717
315 344 341 5.0 1635467346
36515 29194 27764 5.0 1635530656
390890 94877 89087 5.0 1635567332
390890 51138 48267 5.0 1635567377
67985 10863 10496 5.0 1635861527
54929 19320 18508 5.0 1635955371
489171 20695 19818 3.0 1636025306
272464 1077 1064 5.0 1636063862
272464 9477 9183 5.0 1636064387
156861 1461 1439 5.0 1636079684
92128 21133 20225 5.0 1636113200
92128 3923 3822 5.0 1636113384
92128 30286 28777 4.0 1636113868
315 479 472 4.0 1636168967
315 478 471 4.0 1636169135
272464 1783 1746 5.0 1636842924
12373 12269 11824 5.0 1637276317
20994 18952 18154 5.0 1637602470
315 477 470 3.0 1637635965
489171 77996 73292 3.0 1637693419
326735 1014 1003 5.0 1637806330
303 437 434 5.0 1637957728
303 436 433 5.0 1637957855
303 435 432 5.0 1637957897
303 434 431 5.0 1637958006
71052 342 339 4.0 1638212589
390552 479 472 4.0 1638229415
490795 142276 133261 5.0 1638385766
490795 159470 149267 5.0 1638385778
71052 47954 45301 5.0 1638901322
20896 4972 4841 1.0 1638903186
67985 3977 3875 5.0 1638919641
90910 7812 7587 5.0 1639008969
43217 348 345 3.0 1639026089
265135 348 345 3.0 1639026089
157012 18468 1532 4.0 1639151719
303 433 430 5.0 1639198196
250 344 341 5.0 1639413627
21691 19450 18634 5.0 1639534676
21691 19449 18633 5.0 1639534803
90910 56995 36099 5.0 1639622317
303 432 429 5.0 1639639528
250 343 340 5.0 1639692341
157012 1014 1003 5.0 1639748919
315 476 469 5.0 1640213765
346527 75628 71075 5.0 1640707719
54961 39767 37647 1.0 1641713184
75216 5750 5605 2.0 1641852268
41574 19245 18436 5.0 1641869756
41574 32365 30718 5.0 1641869773
41574 16323 15663 5.0 1641869791
41574 27332 26036 5.0 1641869824
41574 1307 1287 5.0 1641869840
41574 9689 9390 5.0 1641869864
41574 5757 5612 5.0 1641869884
41574 1783 1746 5.0 1641869905
41574 270 269 5.0 1641869932
51516 37892 35901 5.0 1641937494
489171 92364 86733 5.0 1642206716
20994 18951 18154 5.0 1642259638
203918 96305 52566 5.0 1642289506
203918 96304 90402 5.0 1642289537
203918 44056 41664 5.0 1642289591
203918 8238 7997 5.0 1642289693
203918 65032 61140 5.0 1642289720
71052 26851 25588 5.0 1642458066
34919 12165 11727 4.0 1642505227
157009 343 340 4.0 1642629085
75216 49986 47199 5.0 1642635229
113911 66341 62372 5.0 1642708053
1763 2037 1988 4.0 1643002819
203918 91466 85899 5.0 1643071752
113911 29528 28079 5.0 1643210114
6529 7082 6887 5.0 1643240914
250 342 339 5.0 1643576909
257124 585 577 5.0 1643602309
346527 106886 100234 5.0 1643901894
113911 66340 62371 5.0 1643914284
320238 126610 118626 5.0 1643923241
489171 96518 90597 5.0 1644067481
489171 109212 102401 5.0 1644067521
489171 94521 88751 5.0 1644067543
137079 75113 70594 5.0 1644073154
65256 45050 42595 5.0 1644283362
65256 45049 3627 5.0 1644687265
65256 45048 42594 5.0 1644688506
65256 45047 42593 5.0 1644689022
78255 51421 48524 5.0 1644727084
157012 22226 5916 5.0 1644932175
20896 18878 18087 1.0 1645242038
21691 19448 18632 5.0 1645458062
43217 1559 1532 2.0 1645680725
265135 1559 1532 2.0 1645680725
7176 7725 7502 1.0 1645728316
7176 7724 7501 1.0 1645728355
140637 76346 71743 5.0 1645899465
45787 34838 33037 5.0 1645988077
45787 12131 11695 5.0 1645988247
198283 95085 89278 5.0 1646584032
198283 95084 89277 5.0 1646584108
32179 10166 9842 5.0 1647139206
114962 66738 62745 3.0 1647155577
233789 61152 57553 4.0 1647379851
7176 7723 7500 1.0 1647501975
5453 6075 5916 5.0 1647671418
250 341 338 5.0 1647714120
268086 59673 10006 3.0 1647720061
157009 52229 337 4.0 1647723478
25850 22232 21263 5.0 1648106564
434825 16720 16044 5.0 1648148730
157009 10340 10006 5.0 1648332133
263 380 377 3.0 1648333335
65256 8201 7962 5.0 1648337083
65256 38461 36439 5.0 1648337398
257124 76224 26264 1.0 1648437628
12373 12268 11823 5.0 1648480439
268054 6075 5916 5.0 1648507789
157012 317 316 5.0 1648515665
71052 30196 6332 1.0 1648590923
103102 456 452 4.0 1648610241
90910 27128 6239 5.0 1648867036
850 1167 1149 5.0 1649186050
390552 12353 11903 5.0 1649187989
65256 45045 42591 5.0 1649289192
65256 45044 42590 5.0 1649289360
103102 338 335 5.0 1649649540
25449 21975 21017 5.0 1649692177
10078 10277 9944 5.0 1649722990
433924 11971 2075 5.0 1649771086
157012 82234 77251 5.0 1649809340
326733 49436 46684 5.0 1649814196
13321 340 337 4.0 1650389051
13321 13063 336 5.0 1650389212
315 475 468 4.0 1650422295
315 474 334 4.0 1650422671
156755 82107 77138 5.0 1650498816
433924 25543 21061 5.0 1650813201
433924 15767 15135 5.0 1650813299
433924 28238 21061 5.0 1650813399
433924 17503 16790 5.0 1650813515
315 473 467 4.0 1650900668
71052 469 463 4.0 1650910341
268054 469 463 5.0 1650923041
122083 49968 47182 5.0 1650988075
72722 6588 91 5.0 1651116204
43217 2485 2428 4.0 1651145011
265135 2485 2428 4.0 1651145011
5453 473 467 5.0 1651215042
156861 82163 7767 5.0 1651421228
390552 12266 5914 5.0 1651460391
103102 13083 12598 5.0 1651462582
250 340 337 5.0 1651534813
250 339 336 5.0 1651535286
250 338 335 5.0 1651539476
156755 32201 30567 5.0 1651560985
850 1165 1147 5.0 1651681503
144543 38734 36687 5.0 1651715271
30835 25551 24370 5.0 1651726368
30835 25550 24369 5.0 1651726419
30835 25549 24368 5.0 1651726455
555560 152603 142903 5.0 1652215894
268054 474 334 5.0 1652226789
97401 59779 56283 5.0 1652303314
268054 49725 10006 5.0 1652376253
308199 88115 82767 1.0 1652396198
97401 59776 56280 5.0 1652559535
97401 59774 56278 5.0 1652559849
250 337 334 5.0 1652565348
850 1164 1146 5.0 1652717896
157009 21989 11037 5.0 1652789468
268054 82232 466 5.0 1652817471
268054 10967 10597 5.0 1652821691
156861 379 376 3.0 1652966695
157012 12635 12174 5.0 1653093528
75216 15680 15051 5.0 1653101996
12373 11427 10934 5.0 1653141062
5453 6074 334 5.0 1653265272
5453 6073 466 5.0 1653265401
157012 82232 466 5.0 1653353779
315 472 466 5.0 1653446333
308199 60505 56947 5.0 1653598201
71052 474 334 4.0 1653665691
271912 22558 21567 5.0 1653765541
271912 114937 107731 5.0 1653765672
271912 28495 27116 5.0 1653765828
5453 6072 5915 2.0 1653863146
5453 6071 5914 5.0 1653864954
433924 102033 95722 5.0 1654056442
126879 9159 8881 5.0 1654149671
113911 4250 4138 5.0 1654183855
5453 469 463 5.0 1654205279
103102 62083 58425 4.0 1654392249
143424 57981 54613 5.0 1654512448
850 1163 1145 5.0 1654533436
555560 143552 134450 5.0 1654568882
433924 150795 75505 5.0 1654636030
103102 10967 10597 4.0 1654656706
5453 6070 3825 5.0 1654665221
38435 17775 17050 5.0 1654734462
50200 37203 475 5.0 1654895944
143424 77351 72685 5.0 1654992092
143424 77350 72684 5.0 1654992262
12373 12267 11822 4.0 1655319097
12373 12266 5914 4.0 1655319671
12373 6070 3825 4.0 1655322697
12373 10042 7767 5.0 1655322931
850 1162 1144 5.0 1655480848
143424 63463 59695 1.0 1655489091
38435 30448 28922 5.0 1655865295
224084 102175 95850 1.0 1655876034
224084 102171 95846 2.0 1655876507
224084 5486 5349 1.0 1655876798
315 471 465 4.0 1656041263
315 470 464 4.0 1656041584
263 379 376 1.0 1656417232
336221 45090 42634 5.0 1656461583
137079 75110 70591 5.0 1656536628
126879 71269 66990 5.0 1656604614
12373 12265 9480 5.0 1656629294
433924 9067 8790 5.0 1656819926
30835 25546 24365 5.0 1656833379
315 469 463 4.0 1657158627
263 378 375 2.0 1657202022
390636 54613 462 5.0 1657448754
390552 131440 123134 3.0 1657577115
20994 18949 18152 5.0 1657586767
20994 18948 18151 5.0 1657587031
315 468 462 4.0 1657590093
315 467 88 4.0 1657592530
82637 35964 89 5.0 1657643541
433924 128255 120154 5.0 1657657216
336221 125351 117462 5.0 1657843472
336221 130272 122044 5.0 1657843605
126879 69262 65105 5.0 1657926784
534768 128347 120243 5.0 1658034444
90551 56826 53525 3.0 1658261530
144543 38462 21432 5.0 1658318541
82637 27886 2005 5.0 1658365608
141837 1506 1484 5.0 1658440254
336221 86224 80996 5.0 1658446243
263 377 374 5.0 1658502259
390636 2054 2005 4.0 1658528657
32179 7398 7186 5.0 1658599591
157012 82231 77250 4.0 1658690470
516091 156204 146260 5.0 1658744010
157009 1069 1056 4.0 1658854108
157009 379 376 2.0 1658860196
250 336 330 5.0 1658956149
250 335 333 5.0 1658956452
103102 36903 34976 5.0 1658984562
141837 54681 35546 5.0 1659028577
190998 27886 2005 5.0 1659211544
190998 10339 10005 4.0 1659213972
516091 165989 155240 5.0 1659379494
249950 4379 1484 5.0 1659405655
249950 62082 58424 5.0 1659405936
249950 69621 35546 5.0 1659467979
249950 74223 69759 5.0 1659468135
336221 60446 21061 5.0 1659483640
43217 33336 31637 5.0 1659512121
265135 33336 31637 5.0 1659512121
156929 3103 3023 5.0 1659614144
51516 37891 35900 5.0 1659639243
85538 54613 462 5.0 1659639440
25449 13832 13317 5.0 1659723146
157012 41445 39233 4.0 1659892223
315 336 330 4.0 1660078290
85538 46442 25214 4.0 1660095616
85538 54611 51460 5.0 1660095788
85538 10339 10005 5.0 1660105248
82640 50727 6155 5.0 1660150255
250 334 332 5.0 1660169115
141837 12733 12269 4.0 1660193944
534768 43111 40796 5.0 1660247160
85538 54610 51459 5.0 1660268398
26956 23028 22018 5.0 1660281064
303 430 427 4.0 1660303449
50200 413 410 4.0 1660326872
25850 22231 21262 5.0 1660417093
43217 33335 31636 4.0 1660437797
265135 33335 31636 4.0 1660437797
85538 40632 2005 5.0 1660506275
85538 3240 3157 5.0 1660506653
141837 1067 1054 4.0 1660574056
332158 30143 28651 5.0 1660613750
326733 34568 88 3.0 1660642911
107424 9312 9031 5.0 1660664832
82637 26454 2005 5.0 1660684873
43217 472 466 5.0 1660885938
265135 472 466 5.0 1660885938
43217 33334 31635 4.0 1660886026
265135 33334 31635 4.0 1660886026
326733 50757 47920 3.0 1660902434
65344 13082 89 5.0 1660910895
34919 487 480 4.0 1660951048
516091 108831 102060 5.0 1661469712
268086 12733 12269 3.0 1661638373
23291 20598 1050 5.0 1661697842
59938 14913 23 5.0 1661715791
308199 16392 15731 5.0 1661720201
103102 1804 1766 5.0 1661752249
266742 12261 11818 5.0 1661812443
266742 1802 1764 5.0 1661814125
103102 54681 35546 5.0 1661836201
267158 28430 27062 5.0 1661881408
267158 1067 1054 5.0 1661887355
267158 89954 2137 5.0 1661890148
267158 1802 1764 5.0 1661890288
157012 316 315 5.0 1661992867
516091 115732 108480 5.0 1661997577
156861 28504 6322 4.0 1662056375
156861 82161 2137 5.0 1662056623
326733 24947 88 2.0 1662074685
390673 336 330 4.0 1662212356
43217 33333 31634 5.0 1662262789
265135 33333 31634 5.0 1662262789
189827 92565 68596 4.0 1662343153
48036 36072 34199 5.0 1662418895
48036 36071 19807 5.0 1662419102
156861 32394 9586 3.0 1662579206
156861 331 329 5.0 1662579780
12373 12261 11818 4.0 1662759558
21691 19447 18631 5.0 1662780050
315 331 329 4.0 1662946593
32179 331 329 5.0 1662959355
257124 15096 14502 5.0 1663037023
346527 689 681 5.0 1663105159
390636 90717 11821 5.0 1663149409
390636 142196 133188 5.0 1663149571
71052 47952 45300 5.0 1663179205
326733 331 329 5.0 1663212068
58122 31203 29628 4.0 1663266624
32179 26456 14586 5.0 1663300964
101291 61348 57737 5.0 1663364372
266742 1051 1039 5.0 1663385942
190998 26456 14586 5.0 1663390165
141837 1579 1438 5.0 1663457242
268054 12261 11818 5.0 1663618913
326733 19062 18262 4.0 1663635728
249950 65947 6599 5.0 1663639249
249950 18547 17780 5.0 1663639396
65344 18547 17780 5.0 1663808246
390673 1137 330 5.0 1663886755
249950 1543 1517 5.0 1663987477
93861 24256 23161 5.0 1663987622
141837 18547 17780 5.0 1664069186
266742 21080 17461 5.0 1664120809
190998 12261 11818 5.0 1664128211
266742 1579 1438 5.0 1664155614
390673 52637 49651 3.0 1664308147
390673 506 499 4.0 1664319320
96391 27807 26484 5.0 1664341072
5453 6069 1016 5.0 1664388281
32179 26455 25214 5.0 1664507871
326733 506 499 5.0 1664688432
65344 1544 1518 5.0 1664755573
65344 4309 1511 4.0 1664842597
65344 36236 34356 5.0 1664938973
131295 36236 34356 5.0 1664940130
32179 26454 2005 5.0 1664942209
65344 18883 1539 5.0 1664944426
20896 18877 11335 5.0 1664945894
20896 18876 11335 5.0 1664946102
20896 18875 18086 5.0 1664946712
20896 1611 1580 5.0 1664946990
65344 30576 29039 5.0 1665002938
131295 1576 1547 5.0 1665010153
131295 1543 1517 5.0 1665012071
65344 17548 16832 4.0 1665017374
38435 30447 28921 5.0 1665038712
326735 322 321 5.0 1665092524
113911 5186 5053 5.0 1665109277
131295 30576 29039 5.0 1665188022
65344 1506 1484 5.0 1665191003
15812 15020 14430 4.0 1665260202
106288 1240 1221 3.0 1665260320
131295 18547 17780 5.0 1665272962
20994 15920 15281 5.0 1665337742
390641 52347 49378 5.0 1665342397
106288 28690 27295 5.0 1665349993
15812 332 330 5.0 1665355404
266326 17549 16833 5.0 1665448610
266326 15849 15211 4.0 1665449544
177548 467 88 5.0 1665452409
189827 15915 15276 5.0 1665502438
65344 5382 5245 4.0 1665532819
1136 1515 1012 5.0 1665545659
267158 1545 1519 5.0 1665729744
103105 2506 2448 5.0 1665809193
103105 20919 1539 5.0 1665809236
72421 48635 45940 3.0 1665855946
249950 33593 31872 4.0 1665875208
96391 30576 29039 5.0 1665886289
131295 4380 4264 5.0 1665887015
315 466 461 4.0 1665891473
222821 1510 1488 5.0 1666025318
103105 27808 26485 5.0 1666047133
250 333 331 5.0 1666055818
250 332 330 5.0 1666058621
250 331 329 5.0 1666060738
82640 1515 1012 5.0 1666109239
13321 13062 12581 5.0 1666109762
326733 466 461 4.0 1666113842
96391 4380 4264 5.0 1666156630
222821 12452 11998 5.0 1666181441
15812 15019 14429 5.0 1666199068
12373 1572 1039 4.0 1666207287
251 360 357 5.0 1666210515
266742 53373 50317 5.0 1666228297
12373 12260 9585 5.0 1666308020
82640 466 461 5.0 1666309293
189827 45628 43138 4.0 1666317920
4193 4818 4691 5.0 1666356261
82640 322 321 5.0 1666389452
106288 15018 14428 4.0 1666472910
190998 1512 1489 5.0 1666479090
267158 17549 16833 5.0 1666479746
190998 89091 83683 3.0 1666480461
266742 20526 19657 5.0 1666537382
266742 43648 41297 5.0 1666537521
32179 18080 17340 5.0 1666553943
1136 505 498 5.0 1666561354
131295 24568 23447 5.0 1666562802
267158 18080 17340 5.0 1666626230
82640 53373 50317 5.0 1666629808
82640 53372 7059 5.0 1666630411
15812 15018 14428 5.0 1666639967
315 465 460 4.0 1666658433
15812 15017 14427 5.0 1666715574
113911 66339 62370 5.0 1666729473
59525 505 498 3.0 1666799994
249950 11502 11098 5.0 1666814890
41930 32566 30910 5.0 1666824531
222821 17548 16832 5.0 1666919907
222821 1526 1502 5.0 1666920044
222821 329 327 5.0 1666920079
222821 43675 41322 5.0 1666920155
222821 1537 1512 3.0 1666920205
32179 10251 166 5.0 1666925470
103102 506 499 4.0 1667002359
222821 18530 17764 5.0 1667154471
326735 33213 357 3.0 1667166305
251 359 356 5.0 1667236470
249950 35282 33453 5.0 1667266081
249950 1526 1502 5.0 1667267277
249950 24568 23447 5.0 1667270481
131295 1526 1502 5.0 1667273057
43217 33332 31633 5.0 1667350520
265135 33332 31633 5.0 1667350520
222821 1555 1528 5.0 1667352536
157012 7950 7724 5.0 1667410064
103105 37988 35995 5.0 1667428928
131295 15017 14427 5.0 1667441549
16178 15320 14710 5.0 1667499151
16178 15319 14709 5.0 1667499281
103102 62082 58424 5.0 1667512443
82224 53185 14210 5.0 1667548355
257124 494 487 5.0 1667586312
326733 11967 354 5.0 1667635166
400405 1553 1526 5.0 1667757750
190998 53853 25702 5.0 1667761179
131295 72984 68596 5.0 1667790017
16178 10966 10596 5.0 1667821519
249678 358 355 5.0 1667836296
12373 12259 11817 4.0 1667851472
268086 16591 15921 5.0 1667940778
555560 7804 7579 5.0 1668030766
59525 42101 39853 5.0 1668032659
390673 11502 11098 5.0 1668040944
157012 46786 44224 5.0 1668042418
131295 464 459 5.0 1668127240
266742 4229 1531 5.0 1668196937
136644 12259 11817 1.0 1668206438
326735 76954 6437 2.0 1668209666
326735 31065 29492 2.0 1668210156
315 329 327 4.0 1668309594
390552 1558 1531 4.0 1668370548
103102 329 327 5.0 1668376888
103102 62081 1041 4.0 1668378313
266742 1537 1512 5.0 1668394255
253817 97318 83552 5.0 1668444262
251 358 355 4.0 1668517272
190998 1056 1044 3.0 1668531381
268086 1053 1041 4.0 1668547944
122083 69432 65267 5.0 1668615750
102933 62013 58362 5.0 1668623464
82640 53371 1531 5.0 1668652617
43217 33331 1762 5.0 1668659850
265135 33331 1762 5.0 1668659850
177548 31068 29495 5.0 1668698198
177548 10251 166 5.0 1668698436
85538 54430 1055 5.0 1668718748
315 464 459 5.0 1668737278
102933 62012 58361 5.0 1668782462
102933 62011 1068 5.0 1668782562
102933 62010 58360 5.0 1668782647
326733 10310 9977 4.0 1668790896
315 463 458 4.0 1668800107
106288 3319 3234 5.0 1668806497
268054 316 315 5.0 1668872509
268086 15020 14430 4.0 1668888226
58122 1115 1102 5.0 1668890094
250008 12452 11998 5.0 1668890357
250008 10824 2343 5.0 1668890649
250008 15915 15276 5.0 1668890957
251 357 354 5.0 1668896616
82224 1544 1518 5.0 1668982004
58122 1558 1531 5.0 1668986175
161933 1053 1041 5.0 1668998933
161933 3344 1539 5.0 1668999988
103105 59017 14941 5.0 1669043342
103105 24977 23824 5.0 1669043490
103105 4229 1531 5.0 1669043832
103105 18721 1762 5.0 1669043865
103105 10251 166 5.0 1669043961
103105 1537 1512 4.0 1669044363
59525 13430 12932 5.0 1669056422
59525 1577 1548 5.0 1669056616
390719 47009 541 5.0 1669061652
266742 11502 11098 4.0 1669086099
190998 9891 9583 3.0 1669091072
190998 505 498 5.0 1669091956
58122 33143 15134 5.0 1669148091
46595 35283 33454 5.0 1669151318
315 462 326 5.0 1669154957
46595 35282 33453 3.0 1669156222
65344 548 541 5.0 1669158415
43217 329 327 4.0 1669169390
265135 329 327 4.0 1669169390
177548 35266 31393 5.0 1669224258
400405 15811 1539 5.0 1669236467
161933 49696 29494 5.0 1669260736
161933 29264 27829 5.0 1669260890
161933 21944 14146 5.0 1669260955
161933 1320 1300 5.0 1669261152
106288 28594 9932 4.0 1669305044
59525 1537 1512 5.0 1669433665
144543 46392 43849 5.0 1669475226
1136 1514 1491 5.0 1669508595
59525 42100 39852 5.0 1669512642
59525 42099 39851 5.0 1669512671
32179 26453 25213 5.0 1669520509
82640 1690 1655 5.0 1669579064
82640 53370 13615 5.0 1669579328
326735 14749 14190 5.0 1669595615
326735 33330 326 5.0 1669596163
103102 10892 10524 5.0 1669629844
250008 28690 27295 5.0 1669655143
250008 30089 2343 5.0 1669655379
44378 11185 4264 5.0 1669670352
103102 39313 37232 4.0 1669700479
103102 1067 1054 5.0 1669701257
253817 41368 39167 5.0 1669743762
44378 34064 32322 5.0 1669752808
65344 1320 1300 5.0 1669767492
306277 476 469 5.0 1669838048
65344 13545 13042 5.0 1669853487
249678 31068 29495 4.0 1669915105
211716 70790 66537 5.0 1669929345
43217 33330 326 4.0 1670056605
265135 33330 326 4.0 1670056605
96391 44048 26488 5.0 1670089172
315 461 457 4.0 1670101706
309231 17386 16678 4.0 1670110501
75216 25035 18426 5.0 1670189538
141837 1526 1502 5.0 1670191825
146716 23056 22045 5.0 1670211936
222821 16591 15921 5.0 1670243658
157012 26087 24867 5.0 1670254281
82640 9297 1055 5.0 1670257516
249678 4380 4264 5.0 1670261941
249678 51037 48171 5.0 1670266084
400405 12969 12495 5.0 1670267247
400405 72984 68596 5.0 1670269987
43217 33329 31632 5.0 1670292091
265135 33329 31632 5.0 1670292091
90551 50969 48109 4.0 1670309436
427718 42183 33673 5.0 1670349167
58122 10858 10491 5.0 1670385795
12373 1537 1512 4.0 1670435520
12373 10824 2343 4.0 1670436456
12373 466 461 5.0 1670438677
1136 1513 1490 3.0 1670460043
211716 6049 5894 5.0 1670464167
189827 942 932 3.0 1670537691
300926 66780 1774 5.0 1670542001
309231 14772 1526 5.0 1670574089
309231 40149 15921 5.0 1670575002
58122 41367 24866 3.0 1670605442
227185 45643 43152 5.0 1670612541
227185 8316 8071 5.0 1670615578
90551 56823 37379 2.0 1670649093
43217 6071 5914 4.0 1670652994
265135 6071 5914 4.0 1670652994
43217 12265 9480 4.0 1670653146
265135 12265 9480 4.0 1670653146
1136 1512 1489 5.0 1670720979
309231 31718 10787 3.0 1670809044
400405 15017 14427 5.0 1670823533
157009 15914 15275 3.0 1670868016
65344 20994 13497 5.0 1670895792
1136 1511 1041 5.0 1670906086
108189 64121 60302 5.0 1670948771
251 356 353 5.0 1670969904
189827 10824 2343 4.0 1671053568
146716 30183 330 5.0 1671057883
390719 14019 13497 4.0 1671062788
143299 4380 4264 5.0 1671067903
146716 59135 1509 5.0 1671069558
249678 3344 1539 4.0 1671074068
59525 15766 15134 5.0 1671075494
15812 1460 1438 5.0 1671148027
390719 31066 29493 5.0 1671149205
161933 13545 13042 5.0 1671156793
161933 44048 26488 5.0 1671157825
161933 83881 39007 5.0 1671158265
96391 49926 47142 5.0 1671169336
96391 24568 23447 5.0 1671171133
13321 13061 1500 5.0 1671221991
390719 3344 1539 5.0 1671321953
44378 17547 16831 5.0 1671331526
44378 23794 22729 3.0 1671332005
58122 15020 14430 4.0 1671408730
82224 15811 1539 5.0 1671440391
82224 53184 7494 5.0 1671441068
106288 22389 1851 5.0 1671679129
309231 22389 1851 5.0 1671680006
390719 33924 32186 5.0 1671696287
6987 7549 7334 4.0 1671725491
96391 18436 17677 5.0 1671850356
10078 10276 9943 5.0 1671850855
10078 10275 9942 5.0 1671850980
300926 122072 114407 5.0 1671875254
177548 41368 39167 5.0 1671901638
82224 32023 1503 4.0 1671910464
253817 39262 17320 5.0 1671911436
253817 9838 6645 5.0 1671911668
15812 15016 14426 4.0 1671913892
440582 49696 29494 5.0 1671914671
390673 466 461 5.0 1671934747
440582 19247 372 5.0 1671945175
440582 8338 8093 5.0 1671945304
440582 14772 1526 5.0 1671946709
326733 43283 1907 5.0 1671958853
250008 23874 19265 5.0 1672016563
106288 9838 6645 5.0 1672080025
390719 13753 13244 5.0 1672183348
427718 32023 1503 5.0 1672186734
249950 9831 9529 5.0 1672270900
390641 17548 16832 5.0 1672277537
253817 22389 1851 5.0 1672334882
