545791 77 77 1.0 1641015666
545791 113 113 3.0 1641015779
545791 403 403 1.0 1641015861
928172 2159 2142 5.0 1641019146
928172 3066 3033 5.0 1641019861
1404356 20330 19987 3.0 1641049886
576765 7580 7466 5.0 1641050194
439736 1552 1544 5.0 1641073258
508083 18077 17771 5.0 1641096785
822331 1703 1695 3.0 1641141286
400796 5506 5419 5.0 1641158940
400796 1439 1433 5.0 1641159393
400796 452 452 5.0 1641159650
400796 148 148 5.0 1641159945
400796 55463 54728 1.0 1641159983
400796 55462 54727 1.0 1641160087
400796 22 22 1.0 1641160152
400796 55461 54726 5.0 1641160199
400796 26401 25971 1.0 1641160280
400796 41607 41025 5.0 1641160305
400796 18948 18629 5.0 1641160358
400796 23281 22897 1.0 1641160447
400796 44077 43459 1.0 1641160583
400796 5189 5110 1.0 1641160819
324082 1387 1381 5.0 1641162697
400796 1596 1588 5.0 1641164721
400796 2414 2394 5.0 1641164788
400796 810 809 1.0 1641164881
400796 1947 1936 5.0 1641164969
400796 1493 1486 5.0 1641165017
400796 175 175 5.0 1641165074
400796 967 963 5.0 1641165126
400796 359 359 5.0 1641165253
400796 177 177 5.0 1641165303
400796 97 97 5.0 1641165414
400796 47 47 5.0 1641165488
400796 39 39 5.0 1641165526
540591 3107 3074 5.0 1641169930
336749 241 241 5.0 1641209207
872652 200 200 5.0 1641223452
805046 4573 4502 5.0 1641229686
7284 5763 5666 3.0 1641237539
394780 4372 4307 1.0 1641238160
394780 178 178 1.0 1641238267
394780 279 279 1.0 1641238326
517 1387 1381 4.0 1641238557
1404356 914 912 1.0 1641247616
794757 7443 7330 1.0 1641250609
970178 1387 1381 5.0 1641251610
519002 20704 20353 5.0 1641252318
319968 11401 11229 5.0 1641253172
545707 2573 2553 1.0 1641260753
76277 4905 4830 3.0 1641261502
158344 1387 1381 5.0 1641262648
760627 27135 26692 5.0 1641284565
138898 224 224 4.0 1641308458
138898 1444 1438 4.0 1641308516
138898 988 984 4.0 1641308725
138898 274 274 4.0 1641308835
138898 24 24 4.0 1641308896
99352 1387 1381 4.0 1641311747
805046 20703 20352 5.0 1641315739
508166 60623 59841 5.0 1641329966
817841 435 435 5.0 1641330708
508166 60622 59840 2.0 1641333888
560211 5231 5150 5.0 1641341670
560211 60460 59679 1.0 1641341985
1286422 15484 15221 3.0 1641345283
1286422 200 200 4.0 1641345341
1233852 12701 12509 5.0 1641370121
603810 11401 11229 5.0 1641385825
818198 38296 37745 5.0 1641392262
775297 10803 10640 5.0 1641414556
171190 281 281 5.0 1641432657
764326 11899 11722 4.0 1641433702
171190 200 200 5.0 1641435349
555372 20330 19987 4.0 1641440128
818593 393 393 5.0 1641442743
995102 810 809 4.0 1641445776
822185 1106 1102 4.0 1641447347
577190 53072 52361 5.0 1641483547
760442 20704 20353 5.0 1641496546
519002 138 138 5.0 1641524322
336460 2476 2456 5.0 1641529600
466759 13819 13600 4.0 1641545108
636129 1002 998 5.0 1641566371
1404356 75988 75101 2.0 1641568269
423090 198 198 5.0 1641575791
423090 148 148 1.0 1641575885
423090 136 136 5.0 1641575916
423090 271 271 1.0 1641575963
423090 83 83 5.0 1641576023
423090 1569 1561 3.0 1641576073
423090 12816 12621 1.0 1641576109
423090 24136 23742 1.0 1641576136
423090 9434 9290 1.0 1641576163
423090 288 288 3.0 1641576240
423090 75 75 1.0 1641576299
423090 920 918 3.0 1641576329
423090 910 908 1.0 1641576451
423090 24 24 1.0 1641576491
423090 6612 6504 1.0 1641576514
423090 672 671 3.0 1641576541
423090 384 384 5.0 1641576754
423090 378 378 1.0 1641576793
423090 855 854 1.0 1641576813
423090 2967 2935 1.0 1641576832
423090 2557 2537 1.0 1641576922
423090 24783 24378 5.0 1641577058
423090 18524 18211 5.0 1641577081
423090 19022 18701 2.0 1641577110
423090 10602 10442 2.0 1641577138
423090 7122 7010 2.0 1641577152
423090 6720 6610 1.0 1641577176
822267 29943 29472 5.0 1641583295
528971 1794 1786 1.0 1641586176
528971 43853 43239 3.0 1641586227
528971 46173 45533 1.0 1641586240
528971 44631 44003 5.0 1641586257
560211 1963 1951 5.0 1641590123
817841 12766 12571 5.0 1641602237
688356 548 547 5.0 1641612235
760442 897 895 5.0 1641615788
35456 1696 1688 1.0 1641640830
35456 17761 17460 1.0 1641640901
10162 280 280 5.0 1641655843
10162 9303 9162 5.0 1641658949
10162 9302 9161 1.0 1641659478
749500 1105 1101 5.0 1641660715
10162 1696 1688 5.0 1641661376
722456 1775 1767 1.0 1641662474
423090 374 374 5.0 1641692109
423090 2820 2795 5.0 1641692205
423090 298 298 5.0 1641692271
423090 3149 3115 5.0 1641692330
423090 1598 1590 5.0 1641692360
423090 853 852 5.0 1641692412
423090 274 274 1.0 1641692455
423090 498 498 1.0 1641692529
423090 210 210 3.0 1641692577
423090 56556 55813 3.0 1641692608
423090 8007 7887 2.0 1641692634
423090 25951 25530 1.0 1641692689
423090 1454 1448 1.0 1641692761
423090 1453 1447 2.0 1641692791
423090 1058 1054 1.0 1641692811
423090 6884 6774 1.0 1641692854
423090 1455 1449 1.0 1641692906
423090 2438 2418 1.0 1641692946
423090 5385 5300 2.0 1641692987
423090 117 117 5.0 1641693016
423090 255 255 5.0 1641693053
423090 22450 22074 5.0 1641693078
423090 6932 6822 1.0 1641693103
423090 1456 1450 2.0 1641693141
423090 6893 6783 5.0 1641693168
423090 147 147 1.0 1641693188
423090 4456 4389 1.0 1641693209
423090 296 296 1.0 1641693256
423090 272 272 1.0 1641693278
423090 295 295 1.0 1641693308
423090 300 300 1.0 1641693356
423090 299 299 1.0 1641693448
423090 253 253 1.0 1641693470
423090 254 254 5.0 1641693550
423090 10547 10388 1.0 1641693623
423090 14372 14141 1.0 1641693640
423090 10926 10761 1.0 1641693677
423090 6764 6654 5.0 1641693702
265136 210 210 1.0 1641694795
983630 1387 1381 1.0 1641696879
138236 35318 34804 1.0 1641697568
138236 4451 4384 1.0 1641697652
138236 21125 20766 1.0 1641697672
138236 14923 14687 1.0 1641697693
138236 2439 2419 1.0 1641697714
138236 14361 14131 1.0 1641697757
138236 13192 12986 1.0 1641697775
138236 4359 4295 1.0 1641697829
138236 4398 4332 1.0 1641697863
138236 381 381 1.0 1641697904
138236 888 887 1.0 1641697982
138236 2388 2368 1.0 1641698002
138236 988 984 1.0 1641698029
138236 24 24 1.0 1641698062
138236 896 894 1.0 1641698085
138236 132 132 1.0 1641698125
138236 274 274 1.0 1641698200
138236 849 848 5.0 1641698222
138236 868 867 1.0 1641698250
138236 486 486 1.0 1641698286
138236 272 272 1.0 1641698324
138236 194 194 1.0 1641698347
138236 299 299 1.0 1641698364
138236 26 26 1.0 1641698422
138236 7 7 1.0 1641698441
138236 223 223 5.0 1641698464
138236 210 210 1.0 1641698483
138236 148 148 5.0 1641698526
138236 198 198 5.0 1641698546
138236 3915 3865 5.0 1641698627
138236 354 354 1.0 1641698731
214642 20704 20353 5.0 1641703999
108599 9094 8954 4.0 1641714016
120665 409 409 3.0 1641723202
1404356 44645 44017 3.0 1641733840
2015 972 968 3.0 1641756852
2015 1491 1484 4.0 1641756945
2015 2448 2428 4.0 1641756966
2015 3485 3443 4.0 1641757165
172910 395 395 1.0 1641774936
172910 1064 1060 5.0 1641774970
277603 34572 34067 5.0 1641788816
137956 20703 20352 5.0 1641793628
1404356 15257 15001 4.0 1641818137
246036 10001 9849 5.0 1641821988
246036 1556 1548 5.0 1641822019
246036 1011 1007 5.0 1641822086
246036 47 47 5.0 1641822178
288592 23957 23564 1.0 1641825693
288592 21241 20881 5.0 1641825727
872860 20773 20421 3.0 1641825887
288592 14 14 1.0 1641825967
288592 1058 1054 5.0 1641826008
288592 4993 4918 5.0 1641826063
288592 888 887 5.0 1641826151
288592 10570 10410 5.0 1641826176
288592 996 992 5.0 1641826305
288592 255 255 5.0 1641826357
288592 1490 1483 5.0 1641826393
288592 619 618 5.0 1641826432
288592 274 274 5.0 1641826572
288592 853 852 5.0 1641826695
196414 8110 7990 4.0 1641837469
310105 2160 2143 5.0 1641839116
412874 1002 998 5.0 1641842978
108241 9223 9082 4.0 1641843011
1404356 18661 18347 1.0 1641845837
132926 8712 8577 2.0 1641861923
132926 33057 32565 3.0 1641862046
132926 9658 9508 2.0 1641862080
132926 5138 5060 2.0 1641862310
132926 566 565 2.0 1641862633
132926 1011 1007 5.0 1641863021
508083 1697 1689 5.0 1641867148
560035 13464 13255 5.0 1641912819
872812 3066 3033 5.0 1641916636
595391 224 224 4.0 1641933011
245458 45413 44777 5.0 1641955667
245458 45412 44776 5.0 1641955720
245458 27484 27037 5.0 1641956184
245458 45410 44774 5.0 1641956371
245458 694 693 5.0 1641956450
245458 45409 44773 5.0 1641956544
245458 5403 5318 5.0 1641956885
245458 35983 35461 5.0 1641956976
245458 24347 23951 5.0 1641957055
245458 18908 18589 5.0 1641957098
245458 680 679 5.0 1641957342
245458 7684 7569 5.0 1641957543
245458 25229 24819 5.0 1641957732
245458 11350 11179 5.0 1641957762
245458 8110 7990 5.0 1641957904
245458 7911 7793 5.0 1641958045
245458 123 123 5.0 1641959399
245458 31360 30888 5.0 1641959838
245458 45408 44772 5.0 1641959870
245458 45407 44771 5.0 1641959896
245458 6526 6419 5.0 1641962133
245458 11837 11661 5.0 1641962583
9053 8685 8550 5.0 1641962952
245458 2718 2694 5.0 1641963719
995461 2172 2155 2.0 1641970980
328206 1688 1680 5.0 1642008603
21816 22 22 5.0 1642021707
336749 886 885 5.0 1642024904
114325 35 35 3.0 1642027588
131694 15489 15226 5.0 1642029528
372771 956 954 5.0 1642047660
143231 1459 1453 5.0 1642050038
554053 6847 6737 1.0 1642057919
7035 7422 7309 5.0 1642077404
7035 1170 1166 5.0 1642077533
213360 18 18 5.0 1642083680
213360 993 989 3.0 1642083762
9053 8157 8036 1.0 1642093870
818098 9707 9557 4.0 1642110005
279171 19004 18684 5.0 1642115809
336399 1696 1688 3.0 1642121349
577190 22353 21978 5.0 1642129586
577190 47703 47045 5.0 1642132635
763637 81 81 4.0 1642133415
764327 587 586 3.0 1642136790
764327 1494 1487 1.0 1642138128
99002 29544 29073 1.0 1642146733
88253 19610 19279 5.0 1642148634
761092 3187 3153 4.0 1642177853
508166 33148 32656 5.0 1642194947
764651 20791 20439 5.0 1642258814
508166 56817 56073 5.0 1642272946
18290 12746 12551 3.0 1642275343
18290 12742 12547 3.0 1642275472
18290 6345 6240 3.0 1642275518
18290 583 582 3.0 1642275533
18290 12741 12546 3.0 1642275546
18290 6207 6106 3.0 1642275571
18290 8138 8018 3.0 1642275593
18290 1596 1588 5.0 1642275622
18290 1494 1487 3.0 1642275636
18290 247 247 3.0 1642275663
18290 12740 12545 3.0 1642275772
18290 125 125 3.0 1642276690
18290 9801 9651 3.0 1642276715
18290 575 574 3.0 1642276779
18290 12739 12544 3.0 1642277409
18290 12738 12543 3.0 1642277460
18290 11524 11351 5.0 1642277475
18290 12737 12542 3.0 1642277605
18290 591 590 3.0 1642277619
18290 12736 12541 3.0 1642277634
18290 12735 12540 3.0 1642277673
18290 5720 5625 5.0 1642277688
30006 16301 16027 3.0 1642289937
764327 7531 7418 2.0 1642302801
375467 22 22 2.0 1642308789
1404356 7486 7373 1.0 1642369388
1404356 7485 7372 1.0 1642369883
764327 585 584 1.0 1642385615
140399 1143 1139 5.0 1642388144
212362 3702 3655 5.0 1642433597
319525 4101 4049 4.0 1642436142
253200 301 301 1.0 1642440544
508307 564 563 3.0 1642460654
279171 1723 1715 5.0 1642471880
822267 4441 4374 5.0 1642473594
764326 47542 46887 5.0 1642475151
508166 3989 3939 4.0 1642515954
1345097 67929 67089 5.0 1642526296
1345097 57459 56707 5.0 1642526677
351599 564 563 5.0 1642536040
256833 1299 1293 5.0 1642543191
132642 1104 1100 5.0 1642544615
21621 870 869 1.0 1642546565
21621 12252 12065 1.0 1642546636
21621 4905 4830 1.0 1642546658
21621 896 894 1.0 1642546741
21621 132 132 1.0 1642546771
21621 849 848 1.0 1642546858
21621 1598 1590 1.0 1642546876
21621 486 486 1.0 1642546891
21621 272 272 1.0 1642546903
21621 297 297 1.0 1642546916
21621 7 7 1.0 1642547021
104007 15405 15145 4.0 1642558776
403729 3485 3443 5.0 1642559052
403729 2808 2784 3.0 1642559121
403729 299 299 5.0 1642559351
104007 103 103 4.0 1642559356
104007 2227 2208 3.0 1642559673
104007 642 641 4.0 1642560231
104007 6607 6499 4.0 1642560248
104007 15406 15146 4.0 1642560271
104007 9153 9013 3.0 1642560291
356093 279 279 5.0 1642561701
781519 1617 1609 5.0 1642566949
139613 572 571 5.0 1642574222
1345097 72618 71761 5.0 1642599028
245776 888 887 4.0 1642606909
255106 17627 17326 1.0 1642610453
319968 1696 1688 5.0 1642620768
787475 3187 3153 5.0 1642623428
151582 3112 3079 4.0 1642626016
603810 28793 28328 5.0 1642629412
810661 14952 14716 3.0 1642630043
334064 15484 15221 1.0 1642647303
214273 1299 1293 4.0 1642652242
540591 28579 28116 5.0 1642696019
603810 247 247 4.0 1642697527
366494 1510 1503 5.0 1642707368
805046 241 241 5.0 1642712474
781519 447 447 5.0 1642716914
603810 3225 3191 5.0 1642718629
761092 3894 3844 4.0 1642723090
560452 802 801 5.0 1642775773
560452 1534 1526 5.0 1642776136
560452 10301 10145 5.0 1642777928
762994 28576 28113 5.0 1642790821
818043 9304 9163 4.0 1642803049
235023 1696 1688 5.0 1642825602
488413 178 178 5.0 1642871931
794757 6391 6286 1.0 1642872782
351599 1002 998 5.0 1642874842
90895 199 199 5.0 1642883982
781478 1387 1381 5.0 1642890980
1217322 3834 3784 5.0 1642898694
27895 436 436 3.0 1642944062
720179 15511 15248 1.0 1642949158
248727 6326 6223 1.0 1642970263
248727 2478 2458 1.0 1642970607
351599 1693 1685 5.0 1642980983
204310 872 871 5.0 1642984313
809807 1697 1689 5.0 1642992008
764326 578 577 5.0 1642999608
872636 74295 73428 5.0 1643000817
764326 599 598 5.0 1643001242
336749 7427 7314 5.0 1643025959
888774 812 811 5.0 1643037610
764327 459 459 1.0 1643045420
508166 11169 11000 4.0 1643051761
761092 21294 20933 4.0 1643066156
764326 576 575 5.0 1643086905
764326 45809 45170 1.0 1643089153
764327 97 97 1.0 1643113404
336460 21294 20933 5.0 1643126705
1217322 1002 998 5.0 1643135778
212596 1405 1399 5.0 1643150018
781534 3107 3074 5.0 1643152799
129645 638 637 5.0 1643155301
1238096 20636 20285 5.0 1643155301
129645 185 185 1.0 1643155357
129645 2187 2170 1.0 1643155376
838105 336 336 1.0 1643158275
101147 2160 2143 5.0 1643167049
114138 22 22 5.0 1643182859
85174 9792 9642 5.0 1643220660
508307 6492 6386 5.0 1643228496
336855 875 874 5.0 1643254301
764326 25450 25035 1.0 1643254443
764326 4314 4252 5.0 1643256519
811763 1696 1688 5.0 1643311526
764326 31923 31444 1.0 1643316460
335274 108 108 2.0 1643327805
603810 6847 6737 5.0 1643333694
822185 17580 17280 2.0 1643334034
212596 1404 1398 4.0 1643345823
404132 1387 1381 4.0 1643355586
760457 23584 23196 5.0 1643364679
262370 1555 1547 2.0 1643371455
646543 12542 12352 5.0 1643373679
508166 60614 59832 3.0 1643380252
88025 868 867 5.0 1643400230
131694 1386 1380 5.0 1643402361
764410 597 596 5.0 1643407625
764748 8389 8260 5.0 1643422545
326229 1002 998 5.0 1643423071
117303 2333 2314 5.0 1643427598
117303 956 954 5.0 1643427706
117303 401 401 5.0 1643427791
117303 328 328 5.0 1643427850
117303 245 245 2.0 1643427944
117303 710 709 2.0 1643428226
117303 3879 3829 1.0 1643428356
117303 9223 9082 5.0 1643428414
117303 4131 4075 5.0 1643428485
117303 133 133 5.0 1643428677
117303 159 159 5.0 1643428924
790071 25098 24690 5.0 1643429472
486537 541 540 5.0 1643466458
488413 7723 7608 5.0 1643478003
764410 596 595 5.0 1643480334
262370 2187 2170 1.0 1643480495
762994 3702 3655 5.0 1643504628
764748 3044 3011 5.0 1643556646
764748 8913 8777 5.0 1643567410
139613 8811 8675 5.0 1643572810
212121 1713 1705 5.0 1643575874
508289 552 551 3.0 1643584087
236915 9254 9113 4.0 1643586199
236915 2545 2525 5.0 1643586334
236915 1299 1293 4.0 1643587224
236915 23409 23024 3.0 1643587313
236915 18180 17873 5.0 1643587346
236915 35163 34651 4.0 1643587376
236915 5905 5805 3.0 1643588035
236915 1684 1676 4.0 1643588206
236915 26701 26264 5.0 1643588240
236915 2491 2471 5.0 1643589169
236915 44749 44120 5.0 1643589208
236915 4008 3958 5.0 1643589241
236915 23494 23107 5.0 1643589271
236915 18176 17869 4.0 1643589400
236915 2524 2504 4.0 1643589430
98492 6950 6840 4.0 1643598577
98492 1064 1060 4.0 1643598632
336116 432 432 5.0 1643621058
139664 265 265 5.0 1643643300
139664 35509 34992 3.0 1643644180
139664 9281 9140 5.0 1643644255
58377 148 148 5.0 1643655617
58377 779 778 3.0 1643655778
58377 2474 2454 3.0 1643655846
58377 9005 8866 3.0 1643655864
58377 289 289 3.0 1643655878
58377 2470 2450 3.0 1643655895
58377 22498 22122 3.0 1643655913
58377 871 870 3.0 1643655930
58377 829 828 3.0 1643655944
58377 830 829 3.0 1643656077
58377 136 136 3.0 1643656108
58377 485 485 3.0 1643656197
58377 561 560 3.0 1643656211
58377 996 992 3.0 1643656232
58377 2364 2344 3.0 1643656250
58377 868 867 3.0 1643656265
58377 299 299 3.0 1643656279
58377 1020 1016 3.0 1643656395
58377 498 498 5.0 1643656436
58377 920 918 5.0 1643656461
58377 7 7 5.0 1643656506
88253 637 636 5.0 1643656519
58377 255 255 5.0 1643656525
58377 194 194 5.0 1643656543
58377 486 486 5.0 1643656561
58377 849 848 5.0 1643656620
58377 274 274 5.0 1643656659
58377 301 301 5.0 1643657593
58377 19015 18694 3.0 1643657731
58377 273 273 3.0 1643658215
58377 132 132 5.0 1643658312
58377 6824 6714 3.0 1643658359
58377 1023 1019 5.0 1643658390
58377 4230 4174 5.0 1643658433
58377 210 210 5.0 1643658450
58377 198 198 5.0 1643658479
58377 3238 3204 5.0 1643658493
58377 207 207 5.0 1643658547
58377 20075 19736 5.0 1643658559
58377 1598 1590 5.0 1643658575
58377 7678 7563 5.0 1643658585
58377 2557 2537 1.0 1643658644
58377 135 135 5.0 1643658686
58377 382 382 5.0 1643658735
58377 384 384 5.0 1643658749
508289 1711 1703 5.0 1643661596
835874 77 77 1.0 1643665782
762994 13982 13759 5.0 1643666288
691012 38296 37745 5.0 1643670112
888774 9455 9309 4.0 1643675327
781519 4485 4418 5.0 1643682304
277603 12701 12509 5.0 1643687456
560380 1002 998 5.0 1643731008
335274 9947 9796 5.0 1643731836
764748 489 489 5.0 1643738519
764748 27779 27329 5.0 1643744632
764748 103 103 5.0 1643752018
764327 10271 10115 1.0 1643765289
518984 3962 3912 5.0 1643804782
801002 9707 9557 5.0 1643814290
435189 27817 27367 5.0 1643816078
715238 12518 12329 5.0 1643818644
892100 241 241 5.0 1643821538
244214 32425 31939 4.0 1643832907
212596 1740 1732 5.0 1643834359
16436 6893 6783 1.0 1643837552
16436 2024 2012 3.0 1643837591
16436 193 193 1.0 1643837740
16436 972 968 1.0 1643837779
12316 23 23 4.0 1643837788
16436 196 196 1.0 1643837831
817841 9094 8954 5.0 1643840973
72185 866 865 5.0 1643844401
810134 12766 12571 2.0 1643844539
764748 26398 25968 5.0 1643847028
212596 3297 3263 5.0 1643849179
764326 38920 38365 5.0 1643850697
42652 294 294 1.0 1643881794
764748 22534 22158 4.0 1643892777
764748 1657 1649 5.0 1643893644
335935 1387 1381 5.0 1643918722
889305 25023 24616 3.0 1643924001
764326 2637 2617 5.0 1643935498
9053 353 353 5.0 1643997197
872652 1100 1096 5.0 1644003640
805046 9707 9557 4.0 1644010791
16436 104 104 1.0 1644020795
16436 253 253 1.0 1644021163
16436 223 223 5.0 1644021739
16436 853 852 5.0 1644021757
16436 182 182 5.0 1644021859
16436 1058 1054 5.0 1644021884
16436 288 288 5.0 1644021913
764748 9814 9664 3.0 1644023934
872652 17738 17437 5.0 1644026302
171190 32142 31659 5.0 1644028434
351599 1728 1720 4.0 1644069912
715238 8488 8358 5.0 1644083803
763054 10479 10322 5.0 1644088050
375467 22524 22148 3.0 1644088564
375467 2424 2404 5.0 1644088600
375467 29009 28541 4.0 1644088722
375467 32152 31669 5.0 1644088745
375467 2973 2941 5.0 1644088904
375467 122 122 4.0 1644089071
375467 76 76 5.0 1644089156
375467 265 265 5.0 1644089196
375467 135 135 5.0 1644089281
375467 223 223 5.0 1644089324
375467 4005 3955 5.0 1644089420
375467 22406 22031 2.0 1644089539
375467 11337 11166 1.0 1644089622
375467 33156 32664 2.0 1644089858
375467 23184 22800 5.0 1644089891
375467 10321 10165 5.0 1644090038
375467 6869 6759 4.0 1644090138
375467 4682 4610 2.0 1644090183
375467 1564 1556 3.0 1644090229
375467 8138 8018 3.0 1644090330
375467 33883 33386 4.0 1644090428
375467 26850 26410 4.0 1644090606
375467 2821 2796 3.0 1644090714
375467 123 123 4.0 1644090756
375467 192 192 4.0 1644090803
375467 1049 1045 5.0 1644090849
375467 2980 2948 4.0 1644090915
375467 2561 2541 4.0 1644090974
375467 459 459 5.0 1644091106
375467 177 177 5.0 1644091336
375467 16164 15891 4.0 1644091577
375467 14487 14256 3.0 1644091714
375467 101 101 4.0 1644091755
375467 7442 7329 4.0 1644091806
375467 1271 1266 4.0 1644092081
375467 2749 2725 3.0 1644092188
375467 2554 2534 4.0 1644092226
375467 393 393 5.0 1644092536
764748 9941 9790 5.0 1644093725
889305 44690 44062 3.0 1644094108
722456 21985 21613 5.0 1644099246
889305 27515 27068 2.0 1644104599
214273 2785 2761 3.0 1644109761
213440 2707 2683 5.0 1644115355
139613 644 643 5.0 1644129391
223696 4101 4049 3.0 1644136273
764748 5474 5387 5.0 1644153904
486537 2211 2192 5.0 1644163795
256508 1100 1096 2.0 1644168813
76277 988 984 3.0 1644169483
41890 9233 9092 3.0 1644177563
41890 79 79 2.0 1644177662
41890 19162 18837 1.0 1644177715
41890 19161 18836 3.0 1644177811
41890 6492 6386 1.0 1644177870
41890 233 233 1.0 1644177898
41890 2 2 1.0 1644177919
41890 2785 2761 1.0 1644178032
421901 3763 3713 5.0 1644185439
421901 1156 1152 1.0 1644185593
421901 7129 7017 4.0 1644185786
421901 3013 2980 5.0 1644185903
421901 12471 12282 1.0 1644185997
421901 4959 4884 2.0 1644186196
421901 12659 12468 5.0 1644186275
421901 6735 6625 1.0 1644186476
421901 19711 19380 5.0 1644186571
421901 14751 14515 1.0 1644186699
421901 14515 14284 1.0 1644186746
421901 18489 18176 4.0 1644186949
421901 52040 51343 1.0 1644187001
421901 24256 23862 3.0 1644187263
421901 56499 55756 4.0 1644187362
421901 47 47 5.0 1644187577
116927 2478 2458 4.0 1644187631
421901 254 254 5.0 1644187760
421901 300 300 1.0 1644187943
421901 486 486 1.0 1644188040
421901 146 146 1.0 1644188116
421901 193 193 1.0 1644188261
102878 1085 1081 2.0 1644188292
760898 2785 2761 5.0 1644208964
211905 26183 25758 5.0 1644234198
421901 274 274 1.0 1644239049
421901 182 182 1.0 1644239172
421901 849 848 1.0 1644239672
421901 1598 1590 1.0 1644239871
421901 868 867 1.0 1644240058
421901 1338 1332 1.0 1644240108
421901 194 194 1.0 1644240157
421901 299 299 2.0 1644240264
781478 1391 1385 5.0 1644244937
975046 18394 18082 5.0 1644257485
114325 8816 8680 4.0 1644261154
402635 4913 4838 1.0 1644274825
396559 1064 1060 2.0 1644282460
396559 779 778 1.0 1644282700
114086 4905 4830 5.0 1644285623
114086 2438 2418 5.0 1644285672
508307 185 185 5.0 1644298065
18290 592 591 5.0 1644309529
18290 12734 12539 5.0 1644309546
18290 11972 11794 5.0 1644309603
18290 5042 4967 3.0 1644309653
18290 12733 12538 5.0 1644309670
18290 12222 12036 3.0 1644309687
18290 6796 6686 3.0 1644309704
18290 12732 12537 3.0 1644309730
18290 6348 6243 3.0 1644309795
18290 8339 8211 3.0 1644309825
18290 682 681 3.0 1644309844
18290 2171 2154 3.0 1644309859
18290 12731 12536 3.0 1644309873
18290 11837 11661 5.0 1644309893
18290 2731 2707 3.0 1644309927
18290 5933 5833 3.0 1644309944
508166 7089 6977 3.0 1644332224
184587 14266 14039 1.0 1644338195
184587 1685 1677 1.0 1644338257
184587 2851 2826 1.0 1644338555
184587 3442 3405 1.0 1644338688
184587 33288 32794 1.0 1644338809
184587 18077 17771 1.0 1644339777
760442 14885 14649 5.0 1644355315
872321 175 175 5.0 1644359383
764748 32358 31874 5.0 1644360526
212596 8815 8679 5.0 1644370832
421901 294 294 1.0 1644371370
421901 853 852 1.0 1644371491
421901 210 210 1.0 1644371529
421901 10601 10441 1.0 1644371649
421901 18803 18488 1.0 1644371688
421901 9088 8948 1.0 1644402552
781349 1100 1096 5.0 1644419396
764748 23409 23024 5.0 1644436179
588036 7580 7466 5.0 1644438628
836415 1100 1096 5.0 1644438835
715238 810 809 5.0 1644439686
97896 1170 1166 5.0 1644446132
97896 879 878 4.0 1644446401
764326 587 586 5.0 1644451436
764748 7911 7793 5.0 1644459661
335274 949 947 5.0 1644462606
760457 3064 3031 5.0 1644463254
436002 1002 998 5.0 1644466838
295729 40328 39763 5.0 1644468371
295729 200 200 5.0 1644468518
295729 659 658 5.0 1644468753
975046 8493 8363 5.0 1644471637
421901 1687 1679 1.0 1644472560
421901 2965 2933 1.0 1644472748
421901 5211 5130 1.0 1644472852
421901 2273 2254 1.0 1644472904
421901 142 142 1.0 1644473028
421901 9617 9468 1.0 1644473100
108599 3300 3266 4.0 1644479963
560220 15036 14799 1.0 1644487681
110263 25856 25435 5.0 1644489241
760535 6725 6615 4.0 1644496686
764748 7229 7117 5.0 1644504955
764748 4502 4435 5.0 1644531983
162639 1388 1382 4.0 1644532103
162639 2493 2473 1.0 1644532147
162639 1391 1385 1.0 1644532478
162639 247 247 1.0 1644532576
162639 2503 2483 4.0 1644532620
162639 38084 37536 1.0 1644532703
162639 34149 33648 1.0 1644532769
162639 1728 1720 3.0 1644532829
162639 2537 2517 4.0 1644532895
893581 3479 3437 4.0 1644534729
108599 21294 20933 4.0 1644534787
351599 9304 9163 4.0 1644538165
88253 25572 25155 5.0 1644545282
760442 2476 2456 5.0 1644549184
387605 1002 998 5.0 1644551508
374982 14588 14356 3.0 1644592821
4203 136 136 5.0 1644599265
328206 3064 3031 1.0 1644611074
300026 833 832 5.0 1644632140
300026 401 401 5.0 1644632523
300026 177 177 5.0 1644632655
300026 39 39 5.0 1644633127
694311 434 434 5.0 1644633293
318176 3562 3518 5.0 1644638033
508307 1100 1096 5.0 1644653636
753514 99 99 5.0 1644688808
1404356 38773 38218 5.0 1644690718
74931 1273 786 4.0 1644698258
995102 6847 6737 1.0 1644713579
753514 48850 48182 1.0 1644716494
318176 810 809 5.0 1644718896
762994 1100 1096 5.0 1644721500
762994 7725 7610 5.0 1644723246
764748 12746 12551 5.0 1644725160
15 25 25 4.0 1644728772
508355 952 950 5.0 1644751441
161933 9947 9796 5.0 1644777832
351599 1299 1293 4.0 1644779448
810134 2210 2191 2.0 1644795766
104007 30603 30131 4.0 1644805894
588480 2638 2618 5.0 1644809704
787475 9301 9160 5.0 1644812539
421901 6330 6227 5.0 1644819717
98969 4340 4276 5.0 1644824500
560380 363 363 5.0 1644845923
760898 566 565 4.0 1644861269
400623 5244 5163 3.0 1644867707
400623 17789 17487 4.0 1644867735
400623 2852 2827 4.0 1644867765
400623 1269 1264 3.0 1644867861
400623 265 265 5.0 1644867995
400623 121 121 5.0 1644868176
400623 2821 2796 5.0 1644868553
400623 182 182 5.0 1644868598
400623 39 39 5.0 1644868635
400623 177 177 5.0 1644868691
400623 21308 20947 4.0 1644868726
400623 10301 10145 3.0 1644868786
400623 8357 8229 5.0 1644868831
400623 4475 4408 5.0 1644868885
400623 3753 3704 5.0 1644868916
400623 1461 1455 5.0 1644868945
400623 3179 3145 3.0 1644868977
400623 6494 6388 3.0 1644869014
400623 2640 2620 3.0 1644869039
400623 2468 2448 3.0 1644869064
400623 385 385 2.0 1644869121
400623 360 360 3.0 1644869154
400623 2024 2012 1.0 1644869196
400623 22 22 5.0 1644869237
400623 362 362 1.0 1644869348
400623 14594 14362 2.0 1644869411
400623 2844 2819 4.0 1644869437
400623 24667 24264 5.0 1644869530
400623 4403 4337 1.0 1644869564
160306 31283 30811 3.0 1644875345
983630 1100 1096 5.0 1644882791
805046 1727 1719 4.0 1644884160
764410 607 606 4.0 1644901434
219901 12542 12352 5.0 1644932419
70163 810 809 5.0 1644957183
162639 7499 7386 4.0 1644965991
809807 185 185 4.0 1644973176
560052 200 200 5.0 1644980956
560052 14840 14604 2.0 1644981121
560052 316 316 5.0 1644981225
381140 13464 13255 5.0 1644991780
764748 29502 29031 5.0 1645035099
508166 59975 59197 5.0 1645066336
139613 35497 34980 1.0 1645067729
139613 35496 34979 1.0 1645068006
460397 9792 9642 3.0 1645073259
212362 1002 998 5.0 1645107016
161067 565 564 5.0 1645107318
121785 6824 6714 2.0 1645126090
121785 627 626 1.0 1645126760
761092 644 643 5.0 1645128152
17640 142 142 3.0 1645147590
17640 3763 3713 5.0 1645147702
17640 254 254 1.0 1645148119
151582 1723 1715 4.0 1645151738
781534 565 564 5.0 1645156884
722456 432 432 5.0 1645210232
764748 8388 8259 5.0 1645216361
1883 26 26 5.0 1645219035
1883 210 210 5.0 1645219465
299033 1849 1841 2.0 1645226824
1286410 4200 4144 5.0 1645239168
40423 931 929 1.0 1645240295
40423 3414 3378 1.0 1645240453
351558 19765 19434 5.0 1645291168
223696 9707 9557 1.0 1645292139
804992 1116 1112 4.0 1645298687
4423 1891 1883 5.0 1645307070
375467 5061 4985 5.0 1645310583
564607 265 265 5.0 1645313762
781534 9658 9508 5.0 1645313780
160306 32374 31889 5.0 1645314716
753514 11873 11696 5.0 1645317532
495348 363 363 2.0 1645318030
139613 1869 1861 1.0 1645338554
139613 6945 6835 1.0 1645339527
27823 2211 2192 3.0 1645365204
27823 10846 10683 3.0 1645365236
27823 211 211 3.0 1645365285
27823 4540 4471 3.0 1645365318
2015 3484 3442 4.0 1645371376
2015 254 254 5.0 1645371939
2015 3483 3441 5.0 1645372002
2015 1598 1590 5.0 1645372047
2015 3482 3440 5.0 1645372191
715238 18316 18006 5.0 1645379116
888774 1391 1385 5.0 1645387143
244414 6404 6299 5.0 1645411925
277603 3971 3921 4.0 1645414477
764748 683 682 4.0 1645470727
790071 596 595 2.0 1645477520
790071 31923 31444 1.0 1645478396
762994 28572 28109 5.0 1645498479
508355 2274 2255 3.0 1645498514
85174 625 624 5.0 1645509593
244414 18661 18347 5.0 1645519732
794757 541 540 4.0 1645563192
764326 6207 6106 5.0 1645575197
537529 1389 1383 4.0 1645581538
365186 1688 1680 2.0 1645631482
1286291 1687 1679 5.0 1645646294
794757 1451 1445 3.0 1645648440
794757 18011 17705 5.0 1645649112
336460 4517 4450 5.0 1645667483
764748 100 100 4.0 1645720281
781534 4517 4450 5.0 1645721485
297954 19159 18834 5.0 1645730326
297954 3424 3388 5.0 1645730352
297954 9591 9443 5.0 1645730373
297954 1108 1104 5.0 1645730390
297954 2476 2456 5.0 1645730411
297954 2160 2143 5.0 1645730434
297954 200 200 5.0 1645730449
297954 36150 35626 5.0 1645730460
297954 158 158 5.0 1645730477
297954 26079 25655 5.0 1645730490
297954 7427 7314 5.0 1645730505
297954 1703 1695 5.0 1645730516
297954 126 126 5.0 1645730535
297954 241 241 5.0 1645730554
297954 23135 22751 5.0 1645730602
297954 1579 1571 5.0 1645730622
297954 185 185 5.0 1645730640
297954 439 439 5.0 1645730655
297954 897 895 5.0 1645730693
297954 363 363 5.0 1645730814
297954 108 108 5.0 1645730923
297954 18564 18251 5.0 1645730958
297954 12261 12074 5.0 1645730977
297954 4211 4155 5.0 1645731062
297954 8078 7958 5.0 1645731144
297954 12619 12429 5.0 1645731180
297954 810 809 5.0 1645731195
297954 116 116 5.0 1645731248
297954 1379 1373 5.0 1645731289
297954 25003 24596 5.0 1645731337
297954 5124 5046 5.0 1645732169
170648 16927 16640 4.0 1645749442
422197 14845 14609 2.0 1645783471
422197 28826 28361 5.0 1645783568
810134 9967 9816 1.0 1645794584
207670 5245 5164 2.0 1645800618
207670 9707 9557 2.0 1645800739
764748 5244 5163 5.0 1645801984
84439 254 254 5.0 1645815189
764748 2691 2667 4.0 1645815191
585616 24271 23877 5.0 1645841968
760627 18266 17956 5.0 1645874366
790071 7581 7467 5.0 1645898058
147597 3347 3312 5.0 1645903679
114325 7195 7083 5.0 1645907596
235023 1387 1381 5.0 1645925663
764748 8390 8261 5.0 1645970622
794757 26683 26246 5.0 1645974660
316680 24973 24566 5.0 1645990360
316680 9302 9161 5.0 1645990484
316680 9658 9508 5.0 1645990521
764748 54777 54051 5.0 1645993278
178200 157 157 5.0 1645994875
691012 21294 20933 5.0 1646012706
764327 28038 27587 1.0 1646067588
764748 9953 9802 5.0 1646078328
212596 272 272 5.0 1646079989
764748 62376 61585 1.0 1646081975
508166 60604 59822 4.0 1646087249
764326 103 103 5.0 1646103458
764326 1494 1487 5.0 1646105866
10138 9256 9115 1.0 1646120027
10138 9255 9114 1.0 1646120097
10138 9254 9113 1.0 1646120128
10138 9253 9112 1.0 1646120172
10138 9252 9111 1.0 1646120235
10138 5689 5594 3.0 1646120283
10138 1052 1048 1.0 1646120320
10138 416 416 5.0 1646120342
10138 1299 1293 3.0 1646120399
10138 638 637 3.0 1646120925
10138 9251 9110 1.0 1646121040
10138 5047 4972 4.0 1646121077
10138 9153 9013 5.0 1646121110
10138 78 78 1.0 1646121316
10138 47 47 3.0 1646121395
10138 1448 1442 5.0 1646121444
10138 3066 3033 3.0 1646141256
10138 9250 9109 2.0 1646141329
10138 1708 1700 3.0 1646141477
10138 9249 9108 1.0 1646141518
10138 1633 1625 1.0 1646141550
10138 1703 1695 3.0 1646141668
373 1033 1029 5.0 1646145473
835874 2160 2143 3.0 1646151513
132642 949 947 5.0 1646152542
722456 30736 30264 5.0 1646159977
10138 1566 1558 3.0 1646160551
10138 567 566 1.0 1646160598
10138 1459 1453 4.0 1646160696
10138 1002 998 1.0 1646160766
10138 9022 8882 1.0 1646160940
10138 3104 3071 3.0 1646161239
10138 5851 5752 1.0 1646161292
10138 242 242 1.0 1646161364
10138 1707 1699 4.0 1646161417
10138 3885 3835 5.0 1646161455
10138 9248 9107 1.0 1646161514
10138 1721 1713 2.0 1646161559
10138 1090 1086 1.0 1646161605
10138 4486 4419 1.0 1646161639
10138 1114 1110 1.0 1646161675
10138 2013 2001 5.0 1646161716
10138 3894 3844 1.0 1646161753
10138 161 161 5.0 1646161793
10138 2554 2534 1.0 1646161822
10138 2334 2315 1.0 1646161918
10138 1732 1724 1.0 1646162296
10138 543 542 5.0 1646162356
10138 4440 4373 1.0 1646162453
10138 3103 3070 1.0 1646162513
10138 7249 7136 1.0 1646162543
10138 4573 4502 1.0 1646162574
10138 1684 1676 3.0 1646162641
10138 415 415 3.0 1646162701
10138 436 436 5.0 1646162730
335935 1693 1685 4.0 1646168443
812392 18468 18155 5.0 1646193884
1233852 60880 60097 3.0 1646211255
351599 11113 10944 4.0 1646225220
255416 360 360 5.0 1646231549
255416 385 385 5.0 1646231786
255416 6864 6754 5.0 1646231871
255416 210 210 5.0 1646232517
255416 498 498 5.0 1646232681
255416 5244 5163 5.0 1646233246
255416 1269 1264 5.0 1646233272
255416 10301 10145 5.0 1646233353
255416 8357 8229 5.0 1646233376
255416 3753 3704 5.0 1646233405
255416 1461 1455 5.0 1646233419
255416 3179 3145 5.0 1646233438
255416 6494 6388 5.0 1646233451
255416 2640 2620 5.0 1646233462
255416 2468 2448 5.0 1646233474
255416 22 22 5.0 1646233487
255416 265 265 5.0 1646233543
255416 177 177 5.0 1646233556
255416 39 39 5.0 1646233573
255416 5967 5866 5.0 1646233611
255416 1443 1437 5.0 1646233623
255416 888 887 5.0 1646233639
255416 896 894 5.0 1646233675
255416 879 878 5.0 1646233689
255416 223 223 5.0 1646233733
255416 473 473 5.0 1646233760
255416 794 793 5.0 1646233773
255416 2024 2012 5.0 1646233787
255416 271 271 5.0 1646233802
255416 1492 1485 5.0 1646233942
255416 300 300 5.0 1646234005
255416 294 294 5.0 1646234020
255416 253 253 5.0 1646234034
255416 26 26 5.0 1646234053
255416 146 146 5.0 1646234661
255416 7 7 5.0 1646234721
255416 136 136 5.0 1646234735
255416 301 301 5.0 1646234750
255416 148 148 5.0 1646234764
255416 621 620 5.0 1646234856
764748 18322 18012 5.0 1646239473
545707 4191 4135 2.0 1646246032
545707 853 852 5.0 1646246116
545707 136 136 5.0 1646246148
545707 198 198 5.0 1646246163
545707 46110 45470 1.0 1646246179
545707 5651 5557 1.0 1646246224
545707 118 118 5.0 1646246260
545707 2683 2659 1.0 1646246322
545707 7915 7797 1.0 1646246355
545707 682 681 1.0 1646246376
545707 1439 1433 1.0 1646246456
545707 1679 1671 5.0 1646246535
545707 9198 9057 5.0 1646246566
545707 713 712 5.0 1646246598
545707 2020 2008 1.0 1646246613
545707 11054 10886 1.0 1646246644
545707 932 930 2.0 1646246672
545707 2691 2667 1.0 1646246695
545707 6195 6094 1.0 1646246738
351599 109 109 4.0 1646246771
545707 3896 3846 5.0 1646246787
545707 6741 6631 2.0 1646246803
545707 2247 2228 2.0 1646246823
545707 3979 3929 3.0 1646246839
545707 3981 3931 4.0 1646246859
545707 5264 5183 2.0 1646246914
545707 7192 7080 2.0 1646246924
545707 41370 40791 2.0 1646246935
545707 120 120 3.0 1646247062
545707 39 39 5.0 1646247084
545707 10398 10241 1.0 1646247136
545707 8398 8269 4.0 1646247163
367142 447 447 5.0 1646247237
145500 3300 3266 5.0 1646247885
754325 576 575 5.0 1646252821
665 1691 1683 2.0 1646252871
367142 20250 19908 5.0 1646258573
794757 31789 31310 3.0 1646266026
764410 32352 31868 3.0 1646276915
801002 3066 3033 4.0 1646277220
760627 36150 35626 5.0 1646293873
48486 1689 1681 5.0 1646341014
667851 10935 10770 5.0 1646370139
324082 2278 2259 5.0 1646373202
324082 10417 10260 5.0 1646373649
42652 136 136 5.0 1646393145
90461 8671 8536 5.0 1646402364
323711 905 903 5.0 1646418963
181549 7195 7083 4.0 1646420082
794757 887 886 5.0 1646437094
118683 20704 20353 5.0 1646449562
760442 20250 19908 5.0 1646450965
41592 19040 18718 1.0 1646451599
41592 359 359 5.0 1646451679
764748 10402 10245 5.0 1646453181
15021 11421 11248 3.0 1646466866
15021 6399 6294 4.0 1646467099
15021 3097 3064 5.0 1646467334
159 499 499 4.0 1646478517
351599 2211 2192 4.0 1646484854
488413 9707 9557 5.0 1646491490
781478 10417 10260 5.0 1646495948
245458 659 658 5.0 1646496790
78230 996 992 1.0 1646497138
245458 13419 13212 5.0 1646497178
245458 45406 44770 5.0 1646497200
245458 4241 4184 5.0 1646497234
245458 178 178 5.0 1646497268
78230 972 968 1.0 1646497299
78230 25950 25529 1.0 1646498162
78230 24890 24484 1.0 1646498319
78230 5630 5536 1.0 1646498544
353332 24271 23877 5.0 1646498577
78230 5629 5535 1.0 1646498661
762994 29345 28876 5.0 1646498761
585616 3303 3269 5.0 1646500481
78230 2372 2352 1.0 1646502659
78230 384 384 1.0 1646502712
78230 3901 3851 1.0 1646503493
760442 12261 12074 5.0 1646503734
286761 1299 1293 3.0 1646505542
78230 26 26 3.0 1646505651
760457 2898 2870 5.0 1646509878
351599 199 199 4.0 1646513597
98449 17531 17231 5.0 1646515749
248527 7840 7724 5.0 1646523165
872636 27136 26693 5.0 1646531203
537529 2160 2143 5.0 1646533004
12788 10584 10424 5.0 1646539485
12788 10583 10423 1.0 1646539679
12788 6788 6678 5.0 1646539968
12788 3488 3446 5.0 1646540264
12788 988 984 5.0 1646540605
1233852 2507 2487 4.0 1646541212
367142 4517 4450 5.0 1646590229
108599 31283 30811 5.0 1646600574
872652 1696 1688 5.0 1646601662
108241 9081 8941 3.0 1646602165
88253 376 376 5.0 1646605076
760457 3962 3912 5.0 1646612971
790071 2303 2284 5.0 1646616539
214698 299 299 5.0 1646673428
896160 69756 68906 5.0 1646677662
166207 973 969 4.0 1646678210
166207 473 473 4.0 1646678266
166207 972 968 4.0 1646678325
166207 272 272 4.0 1646678351
166207 255 255 4.0 1646678378
166207 330 330 5.0 1646678575
166207 1598 1590 5.0 1646678675
166207 210 210 5.0 1646678701
166207 294 294 5.0 1646678718
166207 299 299 5.0 1646678748
166207 300 300 5.0 1646678787
166207 194 194 5.0 1646678817
166207 486 486 5.0 1646678841
166207 1338 1332 5.0 1646678859
519002 6653 6545 5.0 1646688786
889305 74594 73725 3.0 1646697076
794757 14146 13920 5.0 1646708981
1286410 4517 4450 5.0 1646744298
164084 409 409 3.0 1646773064
164084 268 268 5.0 1646773178
351599 1566 1558 4.0 1646779127
519800 363 363 4.0 1646792463
1404356 6342 6237 5.0 1646830581
822267 565 564 5.0 1646841331
764748 682 681 4.0 1646846143
688356 121 121 5.0 1646848893
34533 148 148 5.0 1646854012
508307 1387 1381 3.0 1646865501
872652 1002 998 5.0 1646938687
117303 157 157 5.0 1646946529
117303 4712 4640 5.0 1646946961
791747 12518 12329 5.0 1646949063
351599 3962 3912 4.0 1646953933
757369 14912 14676 5.0 1646956472
757369 1552 1544 5.0 1646957342
757369 6394 6289 4.0 1646965579
819064 19711 19380 5.0 1646972733
760442 9707 9557 5.0 1647004030
10162 9301 9160 5.0 1647025056
30861 905 903 5.0 1647025876
809807 15469 15206 5.0 1647037593
760457 1566 1558 5.0 1647045622
7035 1002 998 4.0 1647049220
7035 659 658 4.0 1647052442
760457 1684 1676 5.0 1647056682
122065 716 715 5.0 1647093726
122065 2830 2805 5.0 1647093847
7035 363 363 5.0 1647100046
810134 14434 14203 1.0 1647119239
508111 18468 18155 5.0 1647130992
694311 28571 28108 5.0 1647137756
277603 2521 2501 5.0 1647151157
392975 1703 1695 5.0 1647186897
764748 55849 55112 1.0 1647194302
119509 32701 32215 5.0 1647205474
119509 16969 16681 5.0 1647205497
119509 2872 2845 5.0 1647205545
119509 381 381 5.0 1647205615
119509 75 75 5.0 1647205640
119509 624 623 5.0 1647205672
119509 3175 3141 5.0 1647205691
119509 2851 2826 5.0 1647205735
119509 32699 32213 5.0 1647205800
119509 3763 3713 5.0 1647205825
119509 32021 31541 5.0 1647205847
119509 32698 32212 5.0 1647205867
119509 32697 32211 5.0 1647205897
119509 32696 32210 5.0 1647205923
119509 32693 32207 5.0 1647206026
119509 32692 32206 5.0 1647206063
119509 18859 18543 5.0 1647206081
119509 11123 10954 5.0 1647206101
119509 32691 32205 5.0 1647206140
119509 18860 18544 5.0 1647206156
119509 210 210 5.0 1647206180
119509 4967 4892 5.0 1647206199
119509 19258 18933 5.0 1647206235
119509 9960 9809 5.0 1647206278
119509 19420 19093 5.0 1647206294
119509 1155 1151 5.0 1647206353
119509 4965 4890 5.0 1647206444
119509 2820 2795 5.0 1647206481
119509 132 132 5.0 1647206511
119509 868 867 5.0 1647206572
781534 18468 18155 5.0 1647224100
4165 5247 5166 5.0 1647224698
4165 5246 5165 5.0 1647224860
4165 5245 5164 1.0 1647224914
4165 281 281 5.0 1647224977
4165 1386 1380 5.0 1647224997
4165 5244 5163 1.0 1647225157
4165 1064 1060 5.0 1647225404
4165 1596 1588 5.0 1647225509
760627 18468 18155 5.0 1647226621
139613 241 241 2.0 1647233613
466759 19157 18832 5.0 1647246543
760627 2898 2870 5.0 1647256608
1233852 10241 10085 4.0 1647282276
378267 1564 1556 5.0 1647286436
378267 120 120 3.0 1647286477
378267 54233 53513 1.0 1647286519
378267 54232 53512 1.0 1647286537
378267 54231 53511 1.0 1647286553
378267 54229 53509 1.0 1647286659
378267 37733 37190 1.0 1647286820
378267 35959 35438 1.0 1647286914
378267 36506 35977 1.0 1647286931
378267 54228 53508 1.0 1647286974
378267 37734 37191 1.0 1647287523
378267 12538 12348 1.0 1647287551
378267 15408 15148 1.0 1647287574
378267 7039 6927 1.0 1647287696
378267 20737 20386 1.0 1647287745
378267 47 47 1.0 1647287866
378267 3048 3015 5.0 1647287979
378267 4510 4443 1.0 1647288004
378267 6589 6482 1.0 1647288102
378267 7056 6944 1.0 1647288184
378267 2361 2341 1.0 1647288196
378267 3970 3920 1.0 1647288213
378267 23531 23144 1.0 1647288224
378267 596 595 1.0 1647288321
378267 7939 7820 1.0 1647288415
378267 3234 3200 1.0 1647288429
378267 9234 9093 1.0 1647288459
378267 102 102 1.0 1647288472
378267 4349 4285 1.0 1647288563
378267 1432 1426 1.0 1647288595
378267 9591 9443 1.0 1647288621
378267 5933 5833 1.0 1647288634
378267 99 99 1.0 1647288783
378267 2749 2725 1.0 1647288798
378267 890 889 1.0 1647288814
378267 489 489 1.0 1647288868
378267 122 122 1.0 1647288901
378267 2640 2620 1.0 1647288974
378267 118 118 1.0 1647289003
378267 2468 2448 1.0 1647289021
378267 360 360 5.0 1647289093
378267 316 316 5.0 1647289115
378267 116 116 1.0 1647289130
378267 76 76 3.0 1647289210
378267 117 117 1.0 1647289228
378267 39 39 5.0 1647289339
486482 50833 50147 2.0 1647295959
486482 31970 31491 3.0 1647297566
486482 13464 13255 4.0 1647297630
486482 8235 8111 2.0 1647297704
486482 34609 34104 3.0 1647297894
790364 9232 9091 1.0 1647308090
364900 9576 9428 5.0 1647311172
234532 2213 2194 5.0 1647313526
7035 185 185 3.0 1647342518
41890 14524 14293 1.0 1647358727
41890 19160 18835 1.0 1647358771
41890 16694 16414 1.0 1647358818
41890 23 23 3.0 1647359058
757369 20799 20446 5.0 1647383461
1345097 71607 70751 5.0 1647391918
72185 638 637 4.0 1647405305
422229 14632 14399 5.0 1647421764
422229 12813 12618 3.0 1647421804
422229 381 381 3.0 1647421878
422229 18528 18215 3.0 1647422113
422229 26 26 1.0 1647422144
422229 39183 38627 1.0 1647422180
422229 21125 20766 2.0 1647422248
422229 24 24 3.0 1647422299
422229 1155 1151 1.0 1647422336
422229 2439 2419 3.0 1647422409
422229 877 876 3.0 1647422429
422229 13192 12986 5.0 1647422482
422229 3488 3446 3.0 1647422558
422229 4359 4295 1.0 1647422581
422229 4905 4830 1.0 1647422649
422229 6721 6611 1.0 1647422690
422229 2415 2395 1.0 1647422734
422229 378 378 3.0 1647422774
422229 868 867 2.0 1647422866
422229 135 135 1.0 1647422903
422229 10025 9873 1.0 1647422983
422229 2557 2537 2.0 1647423002
422229 988 984 2.0 1647423023
422229 75 75 1.0 1647423043
422229 1598 1590 1.0 1647423064
422229 198 198 5.0 1647423115
422229 14689 14455 4.0 1647423165
422229 5278 5196 3.0 1647423185
422229 6422 6316 1.0 1647423202
422229 1491 1484 2.0 1647423235
422229 2438 2418 1.0 1647423256
422229 4398 4332 3.0 1647423299
422229 2343 2324 5.0 1647423383
486482 18077 17771 3.0 1647434774
486482 3297 3263 2.0 1647434825
486482 2102 2086 4.0 1647434881
486482 2101 2085 3.0 1647434936
486482 1684 1676 3.0 1647435008
486482 1617 1609 4.0 1647435032
486482 1143 1139 5.0 1647435166
486482 36203 35679 3.0 1647435922
486482 33294 32800 3.0 1647436020
486482 8858 8722 3.0 1647436209
486482 9728 9578 3.0 1647436277
486482 31839 31360 4.0 1647436306
486482 16767 16485 4.0 1647436335
486482 19157 18832 4.0 1647436578
486482 34079 33579 3.0 1647437378
486482 25616 25198 3.0 1647437672
486482 5968 5867 4.0 1647438010
486482 2627 2607 4.0 1647438218
486482 4932 4857 2.0 1647438344
486482 6404 6299 4.0 1647438635
486482 42729 42125 4.0 1647438738
486482 15526 15263 4.0 1647438758
486482 6373 6268 3.0 1647438929
486482 2645 2625 3.0 1647438956
486482 4570 4499 5.0 1647439113
486482 5986 5885 4.0 1647439162
486482 59637 58863 2.0 1647439262
486482 59636 58862 4.0 1647439343
486482 10454 10297 3.0 1647439455
486482 32550 32064 3.0 1647440038
486482 16651 16371 3.0 1647440056
486482 19540 19211 4.0 1647440097
486482 3431 3395 3.0 1647440128
486482 9480 9333 2.0 1647440158
486482 18504 18191 3.0 1647440210
486482 3306 3272 3.0 1647440307
486482 3110 3077 4.0 1647440334
486482 1731 1723 3.0 1647440471
486482 22353 21978 4.0 1647440533
486482 8403 8274 4.0 1647440551
486482 34 34 3.0 1647440577
291871 48617 47951 3.0 1647447625
291871 6360 6255 3.0 1647447702
762859 18468 18155 5.0 1647449644
760457 18468 18155 5.0 1647451408
335294 1617 1609 5.0 1647472130
1233852 1160 1156 4.0 1647474588
810751 1100 1096 4.0 1647491926
576736 10708 10546 1.0 1647519459
97896 771 770 4.0 1647550558
97896 5282 5200 4.0 1647550605
181801 1719 1711 4.0 1647555019
760627 5047 4972 5.0 1647560771
18051 6409 6304 5.0 1647571317
915110 21465 21101 5.0 1647576657
764327 2446 2426 1.0 1647576730
335274 644 643 3.0 1647579490
353238 1100 1096 5.0 1647585041
211327 18468 18155 5.0 1647595620
27216 1100 1096 5.0 1647615653
27216 848 847 5.0 1647615924
351599 8913 8777 4.0 1647620731
667851 141 141 5.0 1647634130
1158731 175 175 5.0 1647642002
760457 9256 9115 5.0 1647645381
98969 2879 2852 3.0 1647660472
540591 546 545 5.0 1647664559
791747 6889 6779 5.0 1647698606
199210 1696 1688 5.0 1647713172
337262 771 770 4.0 1647726251
1233852 2545 2525 4.0 1647731403
872812 1716 1708 5.0 1647732385
119710 7627 7513 5.0 1647736917
139613 1108 1104 1.0 1647755786
32550 1064 1060 5.0 1647767932
817841 1299 1293 5.0 1647789742
888774 4979 4904 5.0 1647793962
212596 11401 11229 5.0 1647806053
21621 378 378 5.0 1647806387
21621 619 618 1.0 1647806570
21621 973 969 1.0 1647806608
21621 12492 12303 1.0 1647806643
21621 2068 2054 1.0 1647806670
21621 2373 2353 1.0 1647806723
21621 1491 1484 1.0 1647806767
21621 988 984 1.0 1647806816
21621 24 24 1.0 1647806883
21621 972 968 1.0 1647806904
21621 254 254 2.0 1647806944
629867 778 777 5.0 1647808137
207670 1100 1096 5.0 1647815362
757369 7780 7664 5.0 1647822690
353332 33290 32796 5.0 1647822776
560220 3706 3659 2.0 1647827861
139613 3071 3038 2.0 1647837836
86324 363 363 5.0 1647854364
760457 12701 12509 5.0 1647870522
805046 810 809 5.0 1647887780
760457 7627 7513 5.0 1647891726
41890 4959 4884 1.0 1647899735
72185 4467 4400 5.0 1647909459
137095 4517 4450 5.0 1647938088
749720 51350 50657 5.0 1647950174
749720 70309 69453 5.0 1647950231
749720 49935 49257 5.0 1647950664
749720 8996 8857 5.0 1647950763
749720 12568 12378 5.0 1647950857
749720 17487 17188 1.0 1647951171
749720 52003 51306 1.0 1647951362
749720 18171 17864 5.0 1647951941
749720 38803 38248 5.0 1647951959
749720 1109 1105 5.0 1647952048
749720 1272 1267 3.0 1647952113
749720 543 542 5.0 1647952201
749720 1092 1088 2.0 1647952218
749720 7623 7509 5.0 1647952258
749720 542 541 5.0 1647952273
749720 1931 1920 5.0 1647952312
749720 4419 4353 5.0 1647952378
749720 20291 19949 5.0 1647952481
749720 430 430 5.0 1647952773
749720 32131 31648 5.0 1647952912
749720 7627 7513 5.0 1647952987
749720 2496 2476 5.0 1647953003
749720 2486 2466 5.0 1647953044
749720 6982 6871 5.0 1647953070
749720 4571 4500 5.0 1647953109
749720 2498 2478 5.0 1647953184
749720 746 745 5.0 1647954383
749720 2491 2471 5.0 1647954403
749720 9952 9801 5.0 1647956374
749720 5862 5762 5.0 1647956414
749720 2506 2486 5.0 1647956436
749720 1159 1155 5.0 1647956453
749720 4577 4506 5.0 1647956472
749720 4442 4375 5.0 1647956513
749720 4576 4505 5.0 1647956538
749720 4572 4501 5.0 1647956554
749720 4574 4503 5.0 1647956576
749720 1715 1707 5.0 1647956593
749720 4575 4504 5.0 1647956609
749720 1714 1706 5.0 1647956632
749720 3192 3158 5.0 1647956647
749720 4440 4373 5.0 1647956664
749720 4439 4372 5.0 1647956697
749720 4494 4427 5.0 1647956734
749720 3191 3157 5.0 1647956754
749720 1710 1702 5.0 1647956770
749720 5137 5059 5.0 1647956787
749720 1093 1089 5.0 1647956807
335471 2210 2191 5.0 1647969525
351599 1684 1676 4.0 1647976984
343104 14337 14108 4.0 1647978935
182824 9707 9557 5.0 1647982930
214642 1689 1681 5.0 1647988543
764748 38773 38218 5.0 1647993926
161933 1869 1861 4.0 1648001844
636129 16476 16200 5.0 1648050018
781478 3821 3771 5.0 1648054987
762994 5377 5292 5.0 1648067914
336460 12543 12353 4.0 1648068611
508166 60602 59820 4.0 1648070704
181801 1207 1203 4.0 1648074601
181801 8379 8250 5.0 1648074852
181801 567 566 4.0 1648074946
181801 3275 3241 4.0 1648075037
181801 2392 2372 4.0 1648075183
181801 1299 1293 5.0 1648075384
181801 11747 11572 5.0 1648075656
181801 26278 25852 5.0 1648075738
181801 34587 34082 5.0 1648075792
181801 3832 3782 4.0 1648076006
181801 9808 9658 4.0 1648076081
181801 5629 5535 4.0 1648076139
181801 297 297 3.0 1648076314
181801 198 198 5.0 1648076379
508083 246 246 5.0 1648091477
163782 1100 1096 5.0 1648104440
219901 4517 4450 5.0 1648116292
665 1690 1682 4.0 1648126225
665 1689 1681 5.0 1648126324
805046 1713 1705 5.0 1648142298
115017 22932 22548 5.0 1648143566
115017 20109 19769 5.0 1648143606
115017 5881 5781 5.0 1648143680
115017 7541 7427 5.0 1648143701
115017 1064 1060 5.0 1648143713
115017 2372 2352 5.0 1648143727
115017 6606 6498 5.0 1648143771
115017 888 887 5.0 1648143788
115017 2364 2344 5.0 1648143827
115017 3149 3115 5.0 1648143839
115017 182 182 5.0 1648143852
115017 296 296 5.0 1648143875
115017 849 848 5.0 1648143895
115017 301 301 5.0 1648143909
115017 3398 3362 5.0 1648143930
115017 486 486 5.0 1648143991
115017 272 272 5.0 1648144022
115017 32128 31645 5.0 1648144039
115017 194 194 5.0 1648144054
115017 295 295 5.0 1648144067
115017 300 300 5.0 1648144091
115017 294 294 5.0 1648144105
115017 297 297 5.0 1648144123
115017 7 7 5.0 1648144149
115017 223 223 5.0 1648144661
115017 210 210 5.0 1648144675
115017 148 148 5.0 1648144724
115017 198 198 5.0 1648144747
787475 4517 4450 5.0 1648154528
688356 329 329 5.0 1648155240
336460 1876 1868 5.0 1648156815
818593 1100 1096 5.0 1648156893
757369 123 123 4.0 1648165596
577190 18468 18155 5.0 1648172924
764748 39557 38999 3.0 1648177670
760442 2211 2192 5.0 1648194217
760457 679 678 3.0 1648199168
16436 198 198 2.0 1648203386
16436 931 929 3.0 1648203432
764327 2303 2284 1.0 1648211053
161067 4517 4450 5.0 1648211145
805046 4439 4372 4.0 1648220510
508164 409 409 1.0 1648222133
888774 4796 4722 5.0 1648227152
336516 1100 1096 5.0 1648231202
373 1032 1028 5.0 1648235253
373 1031 1027 5.0 1648235352
373 1030 1026 5.0 1648235381
373 81 81 5.0 1648235435
781478 3023 2990 5.0 1648245749
319838 1100 1096 5.0 1648248704
319838 1387 1381 5.0 1648253186
331878 15701 15434 5.0 1648259552
1158731 22353 21978 5.0 1648272345
1367563 47781 47122 1.0 1648309760
488413 1696 1688 5.0 1648321775
218448 14 14 5.0 1648323280
764748 71071 70215 1.0 1648331159
457374 409 409 5.0 1648332408
10138 1030 1026 5.0 1648333419
835874 430 430 3.0 1648340950
764326 48209 47547 4.0 1648348728
244414 18468 18155 5.0 1648353201
336460 1693 1685 5.0 1648355442
334064 13464 13255 3.0 1648370483
334064 148 148 1.0 1648371857
576765 1002 998 5.0 1648389675
353332 25061 24654 5.0 1648392177
116927 9903 9753 5.0 1648403629
805046 3116 3083 5.0 1648405948
790071 644 643 5.0 1648409011
757369 108 108 5.0 1648410913
137095 10478 10321 5.0 1648434378
585616 9707 9557 5.0 1648434832
403785 4517 4450 5.0 1648438267
319812 7611 7497 5.0 1648444442
1067674 18266 17956 5.0 1648465544
90624 10031 9879 5.0 1648482171
760457 12003 11825 5.0 1648500327
720179 359 359 2.0 1648508795
760457 9267 9126 5.0 1648513972
316948 27122 26679 5.0 1648516691
760457 18173 17866 5.0 1648517630
117264 9254 9113 4.0 1648538652
760457 32339 31855 5.0 1648553827
252949 382 382 5.0 1648556449
252949 148 148 5.0 1648556501
252949 198 198 5.0 1648556525
252949 480 480 5.0 1648556580
252949 624 623 5.0 1648556673
252949 301 301 5.0 1648556782
252949 274 274 5.0 1648556865
252949 868 867 5.0 1648557231
252949 210 210 5.0 1648557278
252949 75 75 5.0 1648557494
252949 132 132 5.0 1648557521
252949 476 476 5.0 1648557579
252949 182 182 5.0 1648557606
252949 1338 1332 5.0 1648557631
252949 486 486 5.0 1648557660
252949 849 848 5.0 1648557688
252949 194 194 5.0 1648557750
252949 300 300 5.0 1648557775
252949 299 299 5.0 1648557806
252949 7 7 5.0 1648557867
252949 3712 3665 5.0 1648558709
252949 896 894 5.0 1648558836
252949 739 738 5.0 1648559154
252949 177 177 5.0 1648559230
252949 881 880 5.0 1648559252
252949 2184 2167 5.0 1648559315
252949 1557 1549 5.0 1648559379
252949 5118 5040 5.0 1648559424
252949 889 888 5.0 1648559472
252949 1718 1710 5.0 1648559507
252949 292 292 5.0 1648559556
252949 311 311 5.0 1648559614
252949 159 159 5.0 1648559637
324082 50786 50101 5.0 1648589446
810134 37818 37274 1.0 1648595928
353238 1052 1048 5.0 1648600261
238912 2460 2440 5.0 1648604738
508307 1566 1558 5.0 1648655851
254788 76 76 5.0 1648660837
254788 5963 5862 5.0 1648660861
293927 148 148 5.0 1648661895
37161 376 376 4.0 1648674158
764327 31938 31459 1.0 1648727807
90624 6522 6415 5.0 1648737089
727043 2883 2856 4.0 1648741745
629867 5047 4972 5.0 1648742226
27895 4213 4157 1.0 1648743032
665 198 198 4.0 1648754010
809807 2525 2505 5.0 1648766857
379434 2341 2322 3.0 1648766911
508166 1581 1573 1.0 1648768143
267554 1387 1381 5.0 1648769167
379434 1693 1685 4.0 1648770906
335909 8671 8536 4.0 1648775648
246036 1687 1679 5.0 1648778269
212596 26868 26428 5.0 1648784945
213037 42804 42200 5.0 1648788694
139613 15701 15434 3.0 1648792190
757369 28823 28358 4.0 1648819741
27216 247 247 5.0 1648823686
762994 1298 1292 5.0 1648827511
295599 4534 4465 5.0 1648832837
295599 1689 1681 1.0 1648833685
295599 6889 6779 3.0 1648833856
760898 432 432 5.0 1648844382
336460 4444 4377 5.0 1648851314
763637 659 658 4.0 1648852991
554053 23285 22901 1.0 1648854867
8978 363 363 3.0 1648856925
335274 7228 7116 5.0 1648875597
749475 27593 27145 5.0 1648883379
172862 11676 11501 5.0 1648904330
95012 1107 1103 5.0 1648933253
72185 25049 24642 5.0 1648963292
147249 4517 4450 4.0 1648964295
554053 40239 39675 4.0 1648978990
1404356 5789 5691 5.0 1649005650
791747 2211 2192 5.0 1649019469
818907 22313 21938 1.0 1649036117
336460 4061 4010 5.0 1649041209
760627 27134 26691 5.0 1649047877
1360064 47781 47122 2.0 1649052112
760627 10031 9879 5.0 1649055714
265031 3083 3050 1.0 1649074686
265031 284 284 1.0 1649074834
762994 839 838 5.0 1649081052
152188 14609 14376 5.0 1649088233
152188 14609 14376 5.0 1649088233
152188 7195 7083 5.0 1649088354
152188 7195 7083 5.0 1649088354
115017 385 385 5.0 1649091327
115017 288 288 5.0 1649091356
115017 1058 1054 5.0 1649091376
402635 241 241 5.0 1649095084
103695 30577 30105 3.0 1649098588
103695 30576 30104 2.0 1649098619
103695 18077 17771 2.0 1649098680
103695 1585 1577 3.0 1649098695
103695 21765 21395 3.0 1649098709
103695 1584 1576 3.0 1649098723
103695 9233 9092 3.0 1649098736
103695 7087 6975 3.0 1649098764
103695 4803 4729 3.0 1649098776
103695 1542 1534 3.0 1649098794
103695 4349 4285 3.0 1649098822
103695 6344 6239 3.0 1649098835
103695 2821 2796 2.0 1649098853
103695 2980 2948 2.0 1649098895
103695 30575 30103 2.0 1649098976
103695 6348 6243 3.0 1649099025
103695 10325 10169 2.0 1649099052
103695 6741 6631 2.0 1649099077
103695 12602 12412 2.0 1649099101
103695 580 579 2.0 1649099159
103695 30574 30102 2.0 1649099203
103695 30573 30101 2.0 1649099220
103695 2883 2856 2.0 1649099232
103695 4741 4667 2.0 1649099264
103695 8291 8165 2.0 1649099345
103695 20702 20351 2.0 1649099359
103695 6396 6291 2.0 1649099383
103695 642 641 2.0 1649099402
103695 4570 4499 2.0 1649099424
103695 3616 3571 2.0 1649099472
103695 3066 3033 2.0 1649099550
103695 2476 2456 2.0 1649099578
103695 659 658 2.0 1649099612
103695 1236 1231 2.0 1649099631
103695 2014 2002 2.0 1649099647
103695 2 2 2.0 1649099724
103695 902 900 2.0 1649099744
103695 4202 4146 2.0 1649099767
103695 940 938 2.0 1649099798
103695 363 363 2.0 1649099815
103695 120 120 2.0 1649099831
103695 288 288 2.0 1649099846
103695 76 76 1.0 1649099883
103695 8834 8698 2.0 1649099983
103695 7416 7303 2.0 1649100023
103695 4232 4176 2.0 1649100042
103695 20962 20608 2.0 1649100056
103695 8110 7990 2.0 1649100088
103695 5047 4972 2.0 1649100114
103695 9153 9013 2.0 1649100148
103695 6590 6483 2.0 1649100214
103695 6399 6294 2.0 1649100228
103695 8138 8018 2.0 1649100241
103695 6397 6292 2.0 1649100258
103695 79 79 2.0 1649100298
103695 8226 8102 2.0 1649100312
103695 12735 12540 2.0 1649100379
103695 7598 7484 2.0 1649100424
103695 979 975 1.0 1649100453
103695 3179 3145 1.0 1649100486
103695 901 899 2.0 1649100523
103695 1587 1579 2.0 1649100558
103695 77 77 2.0 1649100580
103695 116 116 2.0 1649100598
103695 22 22 2.0 1649100614
103695 890 889 2.0 1649100640
103695 30571 30099 2.0 1649100664
103695 1775 1767 2.0 1649100773
103695 223 223 1.0 1649100809
806586 5838 5739 5.0 1649116007
872497 4331 4268 5.0 1649123125
181264 255 255 5.0 1649176966
181264 1012 1008 5.0 1649177068
181264 378 378 5.0 1649177127
181264 21488 21123 5.0 1649177207
181264 1598 1590 5.0 1649177235
181264 996 992 5.0 1649177262
181264 26 26 5.0 1649177337
181264 2820 2795 5.0 1649177391
181264 1453 1447 5.0 1649177426
181264 379 379 5.0 1649177454
181264 5986 5885 5.0 1649177479
181264 24315 23920 5.0 1649177549
1238096 47781 47122 1.0 1649189219
585616 20703 20352 5.0 1649194489
102878 23285 22901 5.0 1649254258
781534 47832 47172 5.0 1649256333
152188 1689 1681 5.0 1649272979
152188 1689 1681 5.0 1649272979
124067 2955 903 4.0 1649287382
810134 15523 15260 1.0 1649289450
213037 142 142 5.0 1649297800
872860 50786 50101 5.0 1649306528
811763 18266 17956 5.0 1649309212
421901 5658 5564 1.0 1649312358
421901 854 853 1.0 1649312596
421901 28028 27577 4.0 1649312822
421901 2226 2207 1.0 1649312861
421901 3175 3141 5.0 1649312920
421901 473 473 1.0 1649312968
421901 132 132 1.0 1649313035
421901 888 887 1.0 1649313075
421901 988 984 1.0 1649313111
421901 619 618 1.0 1649313149
421901 2372 2352 1.0 1649313185
421901 381 381 1.0 1649313231
421901 333 333 1.0 1649313307
421901 485 485 5.0 1649313341
86324 11081 10913 3.0 1649316450
559950 401 401 5.0 1649340076
150506 12094 11915 5.0 1649350235
150506 36771 36237 3.0 1649350275
150506 36769 36235 2.0 1649350403
150506 36768 36234 1.0 1649351305
88025 24 24 5.0 1649357769
244414 1580 1572 5.0 1649361187
85174 241 241 5.0 1649361432
805046 1689 1681 4.0 1649362746
836415 1449 1443 5.0 1649375093
123378 148 148 5.0 1649401243
1233852 12578 12388 5.0 1649402203
351599 1579 1571 4.0 1649420349
226920 3066 3033 5.0 1649444665
665 1688 1680 3.0 1649447275
5564 223 223 1.0 1649451325
809807 1164 1160 5.0 1649460810
893581 60656 59874 5.0 1649461054
790071 2446 2426 1.0 1649464505
835874 44056 43438 1.0 1649464945
650137 8116 7996 5.0 1649467188
213360 9081 8941 1.0 1649467816
219901 548 547 5.0 1649467851
577190 27136 26693 5.0 1649468364
790071 1476 1469 1.0 1649525899
161933 142 142 1.0 1649531475
577212 12542 12352 5.0 1649534660
244414 1696 1688 5.0 1649552231
1167470 1386 1380 5.0 1649561168
18051 6395 6290 5.0 1649570268
335528 3962 3912 1.0 1649586015
517 1386 1380 5.0 1649599828
508355 25 25 5.0 1649600015
764748 14861 14625 5.0 1649600818
173349 1170 1166 5.0 1649607786
173349 76 76 5.0 1649607885
55882 1212 1208 1.0 1649618258
835874 73392 72533 1.0 1649618301
72185 15490 15227 5.0 1649651192
508307 1002 998 5.0 1649657874
90624 185 185 4.0 1649682912
810134 37822 37278 1.0 1649696328
760442 4443 4376 5.0 1649717085
396559 4360 2262 5.0 1649717153
396559 328 328 3.0 1649718261
396559 6409 6304 4.0 1649718338
396559 1219 1215 4.0 1649718381
396559 354 354 2.0 1649718430
396559 299 299 5.0 1649718636
396559 24 24 2.0 1649718908
544926 62343 61552 1.0 1649727842
544926 2938 2907 4.0 1649728696
319968 2961 2929 5.0 1649737355
319968 1566 1558 5.0 1649737439
39377 1352 1346 4.0 1649777103
976769 363 363 4.0 1649793536
17888 12577 12387 3.0 1649798469
508166 9576 9428 2.0 1649799134
757369 15256 15000 3.0 1649802857
757369 38936 38381 1.0 1649803424
118683 2341 2322 4.0 1649805435
807434 4061 4010 5.0 1649822106
324082 1719 1711 5.0 1649831658
508166 8488 8358 3.0 1649859299
508166 10803 10640 1.0 1649861452
760627 40766 40197 5.0 1649863473
279171 239 239 5.0 1649874665
508166 48327 47664 1.0 1649880038
508166 7228 7116 3.0 1649883060
132314 905 903 1.0 1649884704
244414 12224 12038 5.0 1649893741
760457 2395 2375 5.0 1649895169
1238096 18173 17866 5.0 1649900391
457374 14515 14284 5.0 1649905221
457374 9947 9796 1.0 1649905481
351599 311 311 4.0 1649970523
810134 435 435 1.0 1649975394
810134 25311 24899 1.0 1649978352
508289 246 246 5.0 1649983457
319968 200 200 5.0 1649987382
319968 10417 10260 5.0 1649988451
184587 141 141 1.0 1649992807
790071 12752 12557 2.0 1649994780
760627 13079 12875 5.0 1649995859
508166 8158 8037 2.0 1650042816
650137 66702 65872 5.0 1650047013
650137 66700 65870 5.0 1650047113
650137 54227 53507 5.0 1650047259
650137 22446 22070 5.0 1650047331
650137 66699 65869 5.0 1650047363
650137 33931 33434 5.0 1650047388
650137 66698 65868 5.0 1650047421
650137 66697 65867 5.0 1650047450
650137 41992 41404 5.0 1650047480
650137 66696 65866 5.0 1650047581
650137 12083 11904 5.0 1650047725
650137 37359 36819 5.0 1650047751
650137 27907 27456 5.0 1650047788
650137 53936 53217 5.0 1650047818
650137 34624 34119 3.0 1650047908
650137 66695 65865 3.0 1650047954
650137 66694 65864 5.0 1650047983
650137 25450 25035 3.0 1650048329
650137 6791 6681 3.0 1650048384
650137 41333 40755 5.0 1650048445
650137 44395 43772 3.0 1650048543
650137 47683 47025 2.0 1650048745
650137 28982 28514 5.0 1650048904
650137 13582 13370 5.0 1650048941
650137 52404 51702 3.0 1650049125
650137 66693 65863 3.0 1650049734
650137 6350 6245 5.0 1650049928
650137 31923 31444 3.0 1650050065
650137 2562 2542 5.0 1650050097
650137 22809 22427 3.0 1650050284
650137 17725 17424 3.0 1650050428
650137 584 583 4.0 1650050580
767673 11113 10944 4.0 1650050913
650137 12736 12541 3.0 1650051125
650137 7063 6951 5.0 1650051155
544926 62341 61550 1.0 1650051181
650137 14901 14665 5.0 1650051190
650137 14903 14667 3.0 1650051471
650137 14402 14171 3.0 1650051525
650137 20678 20327 3.0 1650051692
650137 17726 17425 3.0 1650051756
650137 7059 6947 5.0 1650051962
650137 25513 25097 4.0 1650052067
508166 3108 3075 2.0 1650052218
650137 14880 14644 3.0 1650052249
650137 20091 19752 5.0 1650052318
650137 10516 10359 5.0 1650052374
650137 589 588 3.0 1650052444
62991 13334 13128 4.0 1650052568
650137 2311 2292 3.0 1650052591
650137 582 581 3.0 1650052644
650137 7062 6950 4.0 1650052678
650137 6347 6242 3.0 1650052795
650137 3985 3935 5.0 1650052861
650137 6472 6366 3.0 1650052935
650137 7581 7467 3.0 1650053008
650137 22288 21914 3.0 1650053084
650137 14875 14639 5.0 1650053131
650137 11384 11212 3.0 1650053182
650137 7384 7271 3.0 1650053406
650137 8451 8321 3.0 1650053535
650137 14621 14388 5.0 1650053562
650137 10982 10816 5.0 1650053720
650137 10782 10619 3.0 1650053769
650137 7056 6944 5.0 1650053829
650137 588 587 3.0 1650053939
650137 2394 2374 4.0 1650054126
650137 19337 19011 5.0 1650054290
650137 40646 40078 5.0 1650054318
650137 4090 4038 5.0 1650054358
650137 578 577 3.0 1650054447
650137 6348 6243 1.0 1650054495
650137 34518 34013 1.0 1650054644
650137 596 595 3.0 1650054697
650137 15419 15158 3.0 1650054795
650137 583 582 1.0 1650054914
650137 599 598 5.0 1650054951
650137 24681 24277 5.0 1650055062
650137 5928 5828 1.0 1650055256
650137 576 575 5.0 1650055297
650137 20702 20351 3.0 1650055384
650137 2564 2544 5.0 1650055447
650137 7052 6940 5.0 1650055757
650137 6301 6199 5.0 1650055895
650137 4314 4252 5.0 1650056025
650137 7599 7485 5.0 1650056115
650137 14384 14153 1.0 1650056286
650137 6453 6347 3.0 1650056457
650137 123 123 1.0 1650056709
650137 5401 5316 3.0 1650057671
650137 5385 5300 1.0 1650057753
650137 1587 1579 5.0 1650057844
650137 18475 18162 5.0 1650059138
650137 19704 19373 5.0 1650060156
650137 580 579 3.0 1650060205
650137 66692 65862 3.0 1650060251
650137 66691 65861 3.0 1650060283
650137 23321 22936 3.0 1650060317
650137 15964 15693 3.0 1650060777
762994 210 210 5.0 1650063444
757369 28825 28360 5.0 1650074906
40134 807 806 3.0 1650119003
40134 811 810 5.0 1650119179
300026 2024 2012 5.0 1650129205
650137 66690 65860 3.0 1650134835
650137 65881 65062 3.0 1650134902
650137 13969 13749 3.0 1650134941
650137 51042 50353 3.0 1650134975
650137 1061 1057 5.0 1650135061
650137 47542 46887 3.0 1650135184
650137 56134 55397 3.0 1650135251
650137 58582 57818 3.0 1650135283
650137 34621 34116 3.0 1650135401
650137 11899 11722 3.0 1650135442
650137 37504 36963 3.0 1650135505
650137 66689 65859 3.0 1650135544
650137 14501 14270 3.0 1650135575
650137 23322 22937 3.0 1650135622
650137 11422 11249 5.0 1650135654
650137 7485 7372 5.0 1650135683
650137 2984 2952 3.0 1650135775
650137 7920 7802 2.0 1650136516
650137 12750 12555 4.0 1650136636
650137 587 586 3.0 1650136708
650137 2227 2208 4.0 1650136736
650137 5145 5067 2.0 1650136791
650137 14618 14385 5.0 1650136831
650137 16301 16027 5.0 1650136870
650137 66688 65858 3.0 1650137581
757369 70675 69819 4.0 1650151028
691012 28575 28112 4.0 1650154546
889305 32375 31890 5.0 1650156184
279171 140 140 5.0 1650159522
757369 34830 34324 5.0 1650163347
1238096 3999 3949 5.0 1650164704
252836 829 828 3.0 1650166615
252836 26 26 4.0 1650166696
252836 7 7 4.0 1650166729
252836 21241 20881 5.0 1650166927
117264 8913 8777 4.0 1650188433
281641 1387 1381 5.0 1650195415
1367563 58439 57676 2.0 1650204726
253200 580 579 5.0 1650217346
151582 12518 12329 5.0 1650243271
810134 6944 6834 2.0 1650248336
872860 1390 1384 4.0 1650249130
435189 1689 1681 5.0 1650284069
435189 25617 25199 5.0 1650284157
435189 2961 2929 5.0 1650284284
435189 1684 1676 5.0 1650284469
435189 1080 1076 5.0 1650284773
336749 1704 1696 5.0 1650295791
508289 8285 8159 2.0 1650296443
508166 4686 4614 2.0 1650298382
508166 10935 10770 1.0 1650299735
544926 12914 12717 5.0 1650327972
128113 34006 33507 5.0 1650331076
128113 1701 1693 5.0 1650331117
128113 34004 33505 4.0 1650332630
128113 17257 16964 4.0 1650332782
128113 32957 32467 5.0 1650332816
128113 34003 33504 5.0 1650332876
128113 34002 33503 5.0 1650332948
128113 18394 18082 5.0 1650333004
128113 8278 8154 5.0 1650333242
128113 34001 33502 5.0 1650333351
128113 8493 8363 5.0 1650333580
128113 34000 33501 4.0 1650333730
128113 7723 7608 5.0 1650333785
128113 81 81 5.0 1650333878
128113 3195 3161 5.0 1650333940
128113 2468 2448 4.0 1650334048
324082 18635 18321 5.0 1650398871
810134 20830 20477 1.0 1650401092
310449 177 177 5.0 1650401156
114086 988 984 5.0 1650401335
166207 910 908 5.0 1650401525
757369 13609 13397 1.0 1650406561
336749 872 871 5.0 1650407338
757369 3223 3189 4.0 1650408171
757369 28830 28365 4.0 1650408409
603810 18764 18450 4.0 1650409040
576765 20704 20353 4.0 1650410010
421402 4905 4830 5.0 1650420117
544926 9576 9428 1.0 1650420260
326229 13464 13255 4.0 1650420722
403785 1689 1681 5.0 1650425949
760457 663 662 5.0 1650426555
889344 55846 55109 4.0 1650456792
762994 14609 14376 5.0 1650465398
255901 28845 28380 5.0 1650475293
508166 12224 12038 1.0 1650477676
564607 960 752 5.0 1650481627
544926 22763 22381 2.0 1650488617
1233852 8262 8138 4.0 1650490780
508166 60600 59818 4.0 1650492019
353332 1742 1734 5.0 1650495863
508111 9903 9753 5.0 1650507707
335274 328 328 5.0 1650516045
117264 1608 1600 4.0 1650539370
222892 853 852 5.0 1650551343
12394 1028 1024 2.0 1650558355
811763 18788 18474 5.0 1650562605
888774 1697 1689 5.0 1650577075
7035 108 108 4.0 1650585581
160306 6649 6541 5.0 1650588896
970178 1383 1377 3.0 1650591719
508111 363 363 5.0 1650594787
319968 26253 25828 5.0 1650599326
279171 2460 2440 5.0 1650600122
102334 1100 1096 5.0 1650612278
108034 1580 1572 5.0 1650655786
85174 3894 3844 5.0 1650663370
544926 28444 27984 3.0 1650668005
1238096 2549 2529 5.0 1650670445
754325 12110 11931 1.0 1650682026
449133 16381 16107 5.0 1650686839
754325 5222 5141 5.0 1650721583
757369 1459 1453 5.0 1650733326
117264 1605 1597 4.0 1650735384
1345097 76028 75141 5.0 1650741099
256833 1105 1101 5.0 1650744164
749161 15532 15269 5.0 1650747862
7035 316 316 4.0 1650753334
336460 17324 17029 5.0 1650763677
544926 6399 6294 3.0 1650766126
544926 2731 2707 3.0 1650776908
544926 62340 61549 4.0 1650778203
544926 24549 24147 2.0 1650779528
39377 879 878 5.0 1650801921
544926 1657 1649 1.0 1650821331
544926 5047 4972 1.0 1650838931
368391 23293 22909 5.0 1650849268
544926 19314 18989 1.0 1650851328
544926 41157 40582 5.0 1650852298
544926 62339 61548 1.0 1650853492
365186 53455 52742 4.0 1650893438
544926 7601 7487 1.0 1650926121
760898 549 548 5.0 1650926753
757369 26724 26286 3.0 1650935677
449133 432 432 5.0 1650940042
356996 20703 20352 5.0 1650944408
336460 12766 12571 5.0 1650944512
310105 12403 12215 5.0 1650948742
554053 9153 9013 1.0 1650956622
760627 25049 24642 5.0 1650959709
576765 434 434 5.0 1650977895
970178 1115 1111 4.0 1650982649
317592 8785 8650 5.0 1650998870
544926 643 642 1.0 1651026784
139613 16525 16249 2.0 1651036869
757369 70673 69817 4.0 1651063427
636129 226 226 3.0 1651085707
762994 1149 1145 5.0 1651091073
872652 3834 3784 5.0 1651091236
629867 40189 39625 4.0 1651102048
544926 61991 61201 5.0 1651103809
1810 223 223 3.0 1651104226
331878 25558 25142 5.0 1651104237
1810 2470 2450 5.0 1651105032
1810 128 128 4.0 1651105377
1404356 168 168 3.0 1651106712
806586 18173 17866 5.0 1651108834
781534 19057 18735 5.0 1651110917
118683 4061 4010 5.0 1651116616
127720 1381 1375 4.0 1651116967
367142 810 809 5.0 1651162598
749161 246 246 5.0 1651162966
390246 3178 3144 5.0 1651166302
579659 46537 45894 1.0 1651169631
760457 2490 2470 5.0 1651171670
540591 3479 3437 5.0 1651180721
814946 628 627 5.0 1651186454
139613 18635 18321 5.0 1651205860
319968 18635 18321 5.0 1651213331
336749 659 658 5.0 1651234586
790071 17774 17472 5.0 1651242741
55882 15149 14902 1.0 1651246556
171673 1635 1627 2.0 1651247850
790071 12731 12536 1.0 1651271312
336460 15490 15227 5.0 1651299570
576765 9707 9557 5.0 1651333377
800130 1207 1203 4.0 1651336383
665 1687 1679 3.0 1651344848
486537 340 340 2.0 1651347689
335274 833 832 5.0 1651371530
995216 9456 9310 1.0 1651375743
256833 2211 2192 5.0 1651379208
753514 220 220 5.0 1651383766
781534 25049 24642 5.0 1651421105
214273 17866 17562 4.0 1651421836
213468 77 77 5.0 1651432808
335274 25558 25142 2.0 1651432829
403862 1679 1671 5.0 1651439160
77205 3955 3905 1.0 1651439347
335274 25049 24642 5.0 1651454544
1233852 16753 16471 5.0 1651461542
335294 9391 9248 5.0 1651492454
757369 1108 1104 2.0 1651494395
336753 6649 6541 5.0 1651496449
336753 6649 6541 5.0 1651496449
245776 972 968 4.0 1651503739
245776 486 486 4.0 1651504019
7284 7720 7605 2.0 1651506260
722456 6 6 4.0 1651509634
155402 20766 20414 1.0 1651511460
104585 810 809 3.0 1651516669
117264 32375 31890 5.0 1651517390
126921 1598 1590 5.0 1651539915
310449 8622 8488 5.0 1651543748
603810 18635 18321 5.0 1651556410
760627 18788 18474 5.0 1651556474
1360064 74594 73725 1.0 1651560372
757369 37560 37018 3.0 1651581346
325010 3308 3274 2.0 1651603284
7284 1388 1382 5.0 1651610913
335274 4517 4450 5.0 1651623461
757369 24443 24044 1.0 1651625803
817841 2482 2462 5.0 1651633550
568936 434 434 5.0 1651680117
722456 69189 68340 5.0 1651680512
137486 25558 25142 5.0 1651686380
137486 35216 34704 5.0 1651686490
720179 24098 23704 1.0 1651686807
560380 2961 2929 5.0 1651691687
810134 68498 67652 3.0 1651693382
336855 810 809 5.0 1651707225
90461 435 435 4.0 1651711145
544926 1514 1507 5.0 1651717040
99002 29543 29072 1.0 1651723827
810134 50760 50075 2.0 1651725558
85174 1386 1380 5.0 1651729312
356996 16638 16359 5.0 1651731377
256833 9707 9557 5.0 1651745290
12394 1002 998 5.0 1651771301
77926 328 328 5.0 1651776850
888774 566 565 5.0 1651785708
374982 54056 53337 4.0 1651798920
374982 54055 53336 3.0 1651799032
374982 1037 1033 1.0 1651799091
983630 1743 1735 5.0 1651801493
335274 234 234 5.0 1651813280
139613 4299 4237 4.0 1651815070
466759 436 436 5.0 1651821974
760627 3261 3227 5.0 1651825508
517 1385 1379 5.0 1651831831
781534 42837 42233 5.0 1651853067
889305 56617 55874 4.0 1651854469
161933 8127 8007 1.0 1651857483
85174 27136 26693 5.0 1651869087
560211 45813 45174 1.0 1651873350
872673 241 241 5.0 1651875490
486641 1002 998 5.0 1651889585
488217 1385 1379 5.0 1651901858
119372 374 374 5.0 1651926929
667851 1381 1375 5.0 1651947549
781478 1381 1375 5.0 1651950624
310105 1100 1096 5.0 1651963784
1810 3082 3049 1.0 1651966904
72185 1693 1685 5.0 1651983412
314492 9304 9163 5.0 1651987785
41890 1037 1033 2.0 1652019067
41890 7264 7151 3.0 1652019106
368391 4490 4423 4.0 1652025426
12394 10479 10322 5.0 1652034434
892890 3385 3349 5.0 1652045552
335274 35496 34979 2.0 1652045987
72185 8671 8536 5.0 1652047412
807434 4109 4056 5.0 1652056002
449133 177 177 1.0 1652063678
1104045 71695 70839 5.0 1652067401
216513 1381 1375 5.0 1652069112
1883 972 968 3.0 1652082165
488413 3116 3083 5.0 1652096664
328391 979 975 4.0 1652101171
328391 5968 5867 4.0 1652101259
328391 15484 15221 4.0 1652101330
328391 2785 2761 4.0 1652101352
328391 3304 3270 4.0 1652101372
328391 8817 8681 4.0 1652101393
328391 2102 2086 4.0 1652101417
328391 22353 21978 4.0 1652101438
328391 4387 4321 4.0 1652101487
328391 894 892 4.0 1652101519
328391 7195 7083 4.0 1652101540
55882 972 968 1.0 1652120246
12394 1696 1688 2.0 1652120995
540591 17958 17652 4.0 1652129145
694311 9214 9073 5.0 1652150772
889576 1381 1375 5.0 1652191173
757369 28409 27949 4.0 1652217591
822912 199 199 5.0 1652218257
810134 41010 40439 1.0 1652224382
408876 6 6 5.0 1652226212
749194 1299 1293 5.0 1652238016
170594 1385 1379 5.0 1652238697
466759 3300 3266 5.0 1652254924
351599 884 883 4.0 1652287475
804992 4576 4505 4.0 1652298035
811763 241 241 5.0 1652298925
508081 781 780 5.0 1652304335
757369 5096 5018 5.0 1652312184
757369 70672 69816 1.0 1652312878
108884 1876 1868 2.0 1652317147
100241 4213 4157 1.0 1652321684
872652 27136 26693 5.0 1652470957
810134 37584 37042 1.0 1652482440
336399 7569 7455 3.0 1652484150
694311 20704 20353 5.0 1652492340
764326 1657 1649 1.0 1652499855
767673 1299 1293 4.0 1652500666
188852 6090 5989 5.0 1652521732
351599 548 547 5.0 1652523983
117264 2525 2505 5.0 1652525706
244414 1707 1699 5.0 1652533307
240187 2090 2074 4.0 1652535531
1238096 1163 1159 5.0 1652542459
560211 4511 4444 5.0 1652553264
41890 19159 18834 1.0 1652553290
41890 19158 18833 1.0 1652553396
41890 1742 1734 1.0 1652553423
41890 2994 2961 3.0 1652553475
41890 3911 3861 4.0 1652553505
41890 1299 1293 3.0 1652553608
41890 851 850 3.0 1652553656
213468 27133 26690 5.0 1652561195
810134 19459 19131 2.0 1652563183
356093 1733 1725 5.0 1652574345
80571 5078 5001 5.0 1652574684
310449 133 133 5.0 1652578222
80571 2015 2003 5.0 1652580510
608989 1381 1375 5.0 1652582029
319968 9742 9592 5.0 1652596595
544926 3129 3095 1.0 1652599821
760627 27133 26690 5.0 1652615164
720179 69036 68187 1.0 1652621493
835874 9947 9796 2.0 1652638801
41890 718 717 1.0 1652643801
403862 14952 14716 2.0 1652644908
262370 1299 1293 3.0 1652645286
291871 1167 1163 5.0 1652652676
544926 1770 1762 1.0 1652663996
241244 565 564 1.0 1652664329
241244 1568 1560 1.0 1652664390
241244 659 658 1.0 1652664478
241244 193 193 1.0 1652664589
213037 25558 25142 5.0 1652667448
889576 141 141 5.0 1652673433
335274 1696 1688 3.0 1652675921
318176 432 432 5.0 1652677521
335274 1719 1711 4.0 1652683829
577034 4387 4321 5.0 1652705030
150351 18635 18321 2.0 1652721219
72185 8494 8364 5.0 1652724077
889296 4517 4450 5.0 1652732312
111713 9742 9592 5.0 1652737251
757369 23285 22901 3.0 1652743624
794757 24585 24183 1.0 1652756594
577178 376 376 5.0 1652759572
85174 27135 26692 5.0 1652761599
123378 304 304 5.0 1652780402
123378 307 307 5.0 1652780458
123378 6800 6690 5.0 1652780689
123378 564 563 5.0 1652780778
85131 988 984 5.0 1652802623
85131 381 381 5.0 1652802658
85131 794 793 5.0 1652802696
810134 6431 6325 2.0 1652804728
544926 19016 18695 2.0 1652824580
544926 1661 1653 5.0 1652825941
85174 18266 17956 5.0 1652839637
335935 9302 9161 4.0 1652863218
757369 3236 3202 3.0 1652877285
59936 22767 22385 3.0 1652881745
59936 4517 4450 3.0 1652882632
90461 27593 27145 4.0 1652889882
406915 3101 3068 5.0 1652890423
8658 1689 1681 5.0 1652890448
8658 1207 1203 4.0 1652890533
12394 8614 8480 4.0 1652893633
345113 888 887 5.0 1652905405
1067962 185 185 4.0 1652911198
889296 17667 17366 1.0 1652917979
99002 11124 10955 4.0 1652923188
577034 2341 2322 5.0 1652923883
408 1101 1097 4.0 1652933541
775297 6981 6870 5.0 1652996754
508166 35509 34992 4.0 1653002273
205051 10025 9873 5.0 1653002873
205051 329 329 5.0 1653003903
25997 2663 1 5.0 1653004128
211129 401 401 5.0 1653007255
211129 328 328 5.0 1653007280
211129 1453 1447 5.0 1653007584
211129 26 26 5.0 1653008107
211129 1705 1697 1.0 1653008201
211129 8815 8679 1.0 1653008228
211129 279 279 1.0 1653008277
211129 1739 1731 1.0 1653008358
211129 8860 8724 1.0 1653008400
211129 5730 5634 1.0 1653009348
211129 1709 1701 1.0 1653009392
211129 316 316 1.0 1653009493
211129 3854 3804 1.0 1653009542
211129 437 437 1.0 1653009570
211129 2851 2826 1.0 1653009612
211129 1105 1101 1.0 1653009644
244414 1693 1685 5.0 1653010629
211129 198 198 5.0 1653011950
211129 739 738 2.0 1653012017
211129 979 975 1.0 1653012204
211129 247 247 1.0 1653012231
211129 77 77 1.0 1653012258
211129 39 39 5.0 1653012289
211129 2100 2084 1.0 1653012375
211129 1733 1725 1.0 1653012421
211129 841 840 1.0 1653012460
211129 436 436 1.0 1653012483
211129 4 4 1.0 1653012757
211129 185 185 1.0 1653013821
211129 638 637 1.0 1653013886
211129 178 178 1.0 1653013906
211129 200 200 1.0 1653013948
211129 363 363 4.0 1653014053
406926 4502 4435 5.0 1653015873
703119 3971 3921 4.0 1653074559
328206 6889 6779 1.0 1653100487
85174 27134 26691 5.0 1653103460
256833 9081 8941 5.0 1653104248
102334 4979 4904 5.0 1653104514
995461 2491 2471 5.0 1653108043
400796 55460 54725 5.0 1653112358
212121 8817 8681 5.0 1653132864
40134 18788 18474 4.0 1653155386
248527 4517 4450 5.0 1653159670
749161 363 363 5.0 1653175188
212596 9706 9556 5.0 1653187324
757369 3213 3179 4.0 1653188741
279171 3289 3255 5.0 1653188746
760442 9742 9592 5.0 1653198409
319968 50786 50101 5.0 1653201237
117264 2526 2506 3.0 1653214594
757369 38194 37646 5.0 1653234022
172862 6717 6607 5.0 1653234304
1286410 11401 11229 5.0 1653240832
249226 1202 1198 4.0 1653258797
249226 888 887 3.0 1653258817
577034 1002 998 5.0 1653278773
131694 34421 33918 5.0 1653279911
760627 8671 8536 5.0 1653282042
1233852 12577 12387 4.0 1653317640
330965 22385 22010 5.0 1653329333
188852 41 41 5.0 1653329998
508166 60599 59817 1.0 1653336869
335274 7756 7641 2.0 1653366293
117264 2506 2486 5.0 1653384602
872905 4517 4450 5.0 1653409822
560380 810 809 5.0 1653417551
544926 4865 4791 4.0 1653431158
544926 14913 14677 3.0 1653435733
331878 51452 50757 5.0 1653441509
8978 8622 8488 5.0 1653459919
117264 2498 2478 4.0 1653469619
535196 1299 1293 5.0 1653520144
760627 1690 1682 5.0 1653528322
694311 450 450 5.0 1653533963
27823 8069 7949 3.0 1653553631
27823 637 636 2.0 1653553665
132926 1693 1685 5.0 1653570094
132926 9248 9107 5.0 1653570239
132926 565 564 5.0 1653570271
132926 78 78 2.0 1653570495
132926 25558 25142 2.0 1653570704
132926 32957 32467 2.0 1653570729
132926 34593 34088 2.0 1653570752
132926 16196 15923 2.0 1653570796
132926 34006 33507 2.0 1653570823
132926 1411 1405 2.0 1653570852
132926 20839 20486 2.0 1653571027
335935 1385 1379 5.0 1653591547
749267 401 401 5.0 1653615474
170594 1100 1096 5.0 1653620514
170594 2231 2212 5.0 1653622717
775297 21898 21527 1.0 1653643399
337078 1381 1375 5.0 1653650624
781534 719 718 5.0 1653670392
801002 78 78 5.0 1653670438
889305 59493 58720 1.0 1653670769
246036 254 254 5.0 1653692179
495348 8487 8357 1.0 1653705484
760627 42817 42213 5.0 1653709301
123378 1105 1101 5.0 1653714033
123378 185 185 5.0 1653714063
810134 37819 37275 2.0 1653718891
791747 2478 2458 4.0 1653740925
279306 198 198 1.0 1653742865
308813 27133 26690 5.0 1653744165
124067 136 136 1.0 1653762893
124067 473 473 2.0 1653762937
124067 33463 32969 1.0 1653763183
124067 198 198 4.0 1653763335
124067 4581 4510 5.0 1653763614
331878 2460 2440 5.0 1653765204
373 1029 1025 1.0 1653771080
544926 41449 40869 1.0 1653783035
319968 810 809 5.0 1653786688
544926 62338 61547 3.0 1653789465
544926 4504 4437 4.0 1653791227
892165 272 272 5.0 1653791662
762994 1308 1302 5.0 1653794126
170594 1381 1375 5.0 1653813352
214698 2875 2848 5.0 1653834156
160306 37818 37274 3.0 1653839523
77926 1170 1166 5.0 1653856731
809713 1381 1375 5.0 1653858000
749194 810 809 1.0 1653859828
781534 10479 10322 5.0 1653877776
139613 27132 26689 2.0 1653885373
517 1384 1378 5.0 1653910833
484182 18771 18457 1.0 1653924289
484182 11505 11332 3.0 1653924405
484182 13335 13129 5.0 1653924668
484182 2478 2458 2.0 1653924725
484182 265 265 5.0 1653924884
279088 199 199 4.0 1653926643
89927 627 626 1.0 1653981391
89927 624 623 1.0 1653981410
89927 740 739 1.0 1653981444
89927 223 223 1.0 1653981492
85174 27133 26690 5.0 1653987237
368391 12577 12387 4.0 1653999751
85174 9256 9115 5.0 1654007077
517 1383 1377 5.0 1654008677
722456 10486 10329 1.0 1654012756
764327 18830 18514 1.0 1654013662
764327 14212 13985 5.0 1654014237
722456 4101 4049 5.0 1654017069
85174 1381 1375 5.0 1654041495
757369 413 413 4.0 1654043221
206 644 643 3.0 1654053294
335274 4439 4372 2.0 1654053573
206 643 642 5.0 1654054017
206 642 641 5.0 1654054940
763054 4517 4450 5.0 1654072270
171804 21024 20668 5.0 1654084875
171804 47 47 3.0 1654085126
171804 24625 24223 5.0 1654085169
171804 12471 12282 5.0 1654085234
171804 14385 14154 5.0 1654085272
171804 3489 3447 5.0 1654085347
171804 330 330 5.0 1654085503
171804 381 381 5.0 1654085527
171804 716 715 5.0 1654085570
171804 384 384 5.0 1654085606
171804 6606 6498 5.0 1654085637
171804 888 887 5.0 1654085676
171804 896 894 5.0 1654085711
171804 288 288 5.0 1654085792
171804 132 132 5.0 1654085829
171804 498 498 5.0 1654085898
171804 794 793 5.0 1654085947
171804 182 182 5.0 1654085978
171804 849 848 5.0 1654086033
171804 972 968 5.0 1654086082
171804 301 301 5.0 1654086159
171804 486 486 5.0 1654086186
171804 272 272 5.0 1654086226
171804 300 300 5.0 1654086253
171804 295 295 5.0 1654086292
171804 299 299 5.0 1654086322
171804 294 294 5.0 1654086364
171804 255 255 5.0 1654086454
171804 253 253 5.0 1654086481
171804 26 26 5.0 1654086519
171804 148 148 5.0 1654087468
171804 136 136 5.0 1654087521
171804 223 223 5.0 1654087568
171804 265 265 5.0 1654087603
171804 97 97 5.0 1654087635
171804 316 316 5.0 1654087707
171804 274 274 5.0 1654087744
171804 108 108 5.0 1654087779
171804 363 363 5.0 1654087888
171804 185 185 5.0 1654087921
171804 1105 1101 5.0 1654087954
171804 12568 12378 5.0 1654087981
171804 9229 9088 5.0 1654088009
171804 16301 16027 5.0 1654088052
99002 816 815 5.0 1654092234
336460 1107 1103 5.0 1654101166
394780 2306 2287 1.0 1654107219
70163 7569 7455 3.0 1654120285
749258 1120 1116 5.0 1654126601
781376 1298 1292 5.0 1654126793
255442 1556 1548 5.0 1654130551
757369 24982 24575 1.0 1654174311
665 1030 1026 4.0 1654190327
81665 20005 19666 5.0 1654212187
760442 5220 5139 5.0 1654214186
85174 1095 1091 5.0 1654214958
577190 659 658 5.0 1654241046
1061381 12735 12540 4.0 1654269706
1061381 1089 1085 4.0 1654270927
1061381 14686 14452 3.0 1654271272
16436 934 932 5.0 1654281725
278340 47734 47076 5.0 1654293981
278340 27813 27363 5.0 1654294089
278340 40754 40185 5.0 1654294117
278340 18526 18213 2.0 1654294147
278340 4672 4600 1.0 1654294175
278340 27658 27209 5.0 1654294195
278340 28444 27984 5.0 1654294214
278340 37059 36522 5.0 1654294238
278340 18202 17895 5.0 1654294287
278340 8300 8173 5.0 1654294306
278340 12095 11916 5.0 1654294334
278340 23320 22935 5.0 1654294356
278340 2698 2674 5.0 1654294422
278340 22986 22602 5.0 1654294442
278340 2883 2856 5.0 1654294463
278340 5788 5690 5.0 1654294482
278340 11899 11722 5.0 1654294529
278340 1689 1681 5.0 1654294631
278340 4156 4100 5.0 1654294674
278340 2394 2374 5.0 1654294694
278340 13 13 5.0 1654294761
278340 2728 2704 5.0 1654294802
278340 5506 5419 5.0 1654294825
278340 576 575 5.0 1654294895
278340 10183 10027 5.0 1654294915
278340 1908 1899 5.0 1654295006
278340 9540 9392 5.0 1654295026
278340 1534 1526 5.0 1654295137
278340 3723 3675 5.0 1654295198
278340 1235 1230 5.0 1654295236
278340 5933 5833 5.0 1654295254
278340 14385 14154 5.0 1654295271
278340 2187 2170 5.0 1654295293
278340 2159 2142 5.0 1654295316
278340 1468 1462 5.0 1654295338
278340 3064 3031 5.0 1654295389
278340 2334 2315 5.0 1654295412
278340 553 552 5.0 1654295433
278340 732 731 5.0 1654295458
278340 2476 2456 5.0 1654295483
278340 121 121 5.0 1654295536
278340 2821 2796 4.0 1654295582
278340 105 105 5.0 1654295603
278340 321 321 5.0 1654295646
278340 286 286 5.0 1654295709
508081 4517 4450 5.0 1654299916
889305 51975 51278 3.0 1654301191
646543 9742 9592 5.0 1654303518
528768 47 47 3.0 1654375120
528768 10878 10714 3.0 1654377916
119509 2226 2207 5.0 1654405941
495348 565 564 2.0 1654450484
336116 1002 998 5.0 1654525533
810134 247 247 1.0 1654539530
255442 27747 27297 2.0 1654547889
781478 14609 14376 5.0 1654552526
119758 1687 1679 5.0 1654555212
119758 4451 4384 5.0 1654555256
119758 14361 14131 1.0 1654555611
119758 13192 12986 1.0 1654555644
119758 223 223 5.0 1654556038
810134 4465 4398 1.0 1654557094
810134 7529 7416 1.0 1654558120
559932 62933 62136 5.0 1654569671
889305 1607 1599 4.0 1654572506
170594 572 571 5.0 1654580588
760627 1002 998 5.0 1654586130
757369 6634 6526 4.0 1654634615
810134 4368 4303 3.0 1654638508
757369 29709 29238 1.0 1654640284
757369 3867 3817 5.0 1654641399
540591 7569 7455 4.0 1654646224
812392 17567 17267 5.0 1654647775
757369 28002 27551 5.0 1654651591
170594 1002 998 5.0 1654655389
781534 6981 6870 5.0 1654659257
137185 1459 1453 5.0 1654660189
812392 548 547 5.0 1654668743
560035 19157 18832 5.0 1654686943
204310 15526 15263 5.0 1654708633
891571 50786 50101 5.0 1654709771
212596 33392 32898 5.0 1654713295
809807 78 78 5.0 1654722051
809680 4517 4450 5.0 1654733749
508355 659 658 5.0 1654734028
387605 178 178 5.0 1654756243
810134 177 177 2.0 1654761461
818043 27593 27145 5.0 1654805021
336460 4688 4616 5.0 1654827850
466759 6694 6586 1.0 1654834530
33349 17324 17029 4.0 1654849713
40134 18787 18473 5.0 1654876710
334064 7195 7083 5.0 1654884474
334064 77 77 1.0 1654884758
760627 12452 12263 5.0 1654892525
515668 14931 14695 5.0 1654896649
255442 1490 1483 5.0 1654908813
568817 1381 1375 5.0 1654919737
508307 1696 1688 5.0 1654925907
781376 4517 4450 5.0 1654988873
775297 6398 6293 5.0 1654990719
403862 413 413 2.0 1654995008
262370 810 809 2.0 1655046233
889305 66269 65444 1.0 1655055704
835874 3024 2991 1.0 1655084483
835874 7680 7565 1.0 1655086383
122515 33293 32799 5.0 1655092628
122515 33292 32798 5.0 1655092804
122515 33291 32797 5.0 1655092956
122515 33290 32796 5.0 1655093044
122515 17061 16772 5.0 1655093442
122515 1717 1709 5.0 1655094096
122515 22353 21978 5.0 1655094308
122515 33289 32795 5.0 1655096876
122515 22347 21972 5.0 1655096936
122515 11830 11654 5.0 1655097220
122515 8069 7949 5.0 1655097413
122515 1730 1722 5.0 1655097595
122515 13464 13255 5.0 1655097968
406915 9707 9557 5.0 1655098171
122515 8403 8274 5.0 1655098266
256505 18511 18198 5.0 1655100691
7284 374 374 1.0 1655103228
836787 68647 67799 4.0 1655163028
353332 7195 7083 5.0 1655163553
165409 18741 18427 5.0 1655169208
165409 7049 6937 5.0 1655169791
165409 6863 6753 1.0 1655169834
122515 33288 32794 5.0 1655172377
117264 1100 1096 5.0 1655204720
757369 14047 13821 1.0 1655208970
757369 70671 69815 1.0 1655209254
132642 13334 13128 5.0 1655223452
762994 4796 4722 5.0 1655236008
328206 3318 3284 1.0 1655241573
337686 52040 51343 1.0 1655241752
586716 1696 1688 5.0 1655242424
403862 2334 2315 5.0 1655247295
811763 1617 1609 5.0 1655247584
430090 637 636 5.0 1655253647
891571 1422 1416 5.0 1655260221
790071 100 100 3.0 1655262099
108034 30049 29578 2.0 1655270378
108034 29589 29118 1.0 1655271757
1360064 48517 47852 1.0 1655275726
211327 8727 8592 5.0 1655288797
171371 1381 1375 3.0 1655298321
757369 40329 39764 2.0 1655305728
757369 1587 1579 5.0 1655309476
381464 3850 3800 1.0 1655321931
314492 50420 49738 1.0 1655345852
139613 7264 7151 5.0 1655348453
335375 35664 35145 5.0 1655349294
762994 33392 32898 5.0 1655349837
760627 4299 4237 5.0 1655362397
508289 4467 4400 5.0 1655408914
145500 18266 17956 5.0 1655413433
359866 1689 1681 5.0 1655414596
158344 239 239 5.0 1655441526
319838 33392 32898 5.0 1655445933
24678 488 488 1.0 1655474922
757369 2513 2493 1.0 1655483006
182516 14737 14501 4.0 1655491641
2015 24 24 3.0 1655498819
2015 988 984 5.0 1655499147
2015 381 381 2.0 1655499537
194697 1581 1573 5.0 1655505223
669258 1509 1502 1.0 1655511599
669258 5220 5139 1.0 1655512039
888774 12542 12352 5.0 1655561233
55882 1444 1438 3.0 1655566949
55882 14172 13945 1.0 1655567093
114086 14172 13945 5.0 1655573660
114086 2973 2941 5.0 1655573735
114086 480 480 5.0 1655573882
337005 2785 2761 5.0 1655593758
42019 19255 18930 1.0 1655594567
889296 1722 1714 4.0 1655598955
544926 66 66 4.0 1655604863
818198 3109 3076 5.0 1655615504
760868 1684 1676 5.0 1655632815
760868 1684 1676 5.0 1655632815
21 76 76 5.0 1655651148
21 75 75 4.0 1655652246
818593 4517 4450 5.0 1655657393
794757 19315 18990 1.0 1655684184
781349 1716 1708 5.0 1655726359
508166 60598 59816 4.0 1655739633
508166 60597 59815 3.0 1655741098
1065935 11375 11203 5.0 1655756311
219949 1494 1487 5.0 1655776080
488413 638 637 5.0 1655778112
1360064 72972 72115 1.0 1655791434
995274 61455 60667 3.0 1655810512
805046 18635 18321 4.0 1655816794
160306 1704 1696 5.0 1655820415
753514 103 103 5.0 1655826534
760627 6981 6870 5.0 1655836029
764410 97 97 1.0 1655846397
406926 643 642 1.0 1655852524
406926 1661 1653 5.0 1655852861
335935 1452 1446 5.0 1655859652
1286336 3531 3487 1.0 1655866590
1367563 48517 47852 1.0 1655907088
1345097 51874 51177 5.0 1655919317
81018 867 866 1.0 1655928076
2295 23 23 1.0 1655938751
540591 2802 2778 4.0 1655944281
216513 250 250 1.0 1656030960
977959 200 200 5.0 1656032022
872652 6981 6870 5.0 1656033719
139613 35494 34977 3.0 1656038349
749475 1579 1571 5.0 1656064902
213440 97 97 5.0 1656077135
508289 25 25 3.0 1656096208
889305 36556 36025 1.0 1656100939
89076 1869 1861 5.0 1656114247
895371 74746 73877 1.0 1656123636
893581 30933 30461 5.0 1656124860
787475 35664 35145 5.0 1656133061
554053 1108 1104 1.0 1656147747
336749 1381 1375 5.0 1656166667
102878 23611 23223 5.0 1656171842
810134 27545 27098 1.0 1656172789
556748 11377 11205 2.0 1656181335
556748 3262 3228 1.0 1656181378
556748 62796 62001 1.0 1656182092
556748 4273 4211 1.0 1656182270
483655 59493 58720 3.0 1656197814
483655 12577 12387 3.0 1656197852
483655 32375 31890 3.0 1656197869
483655 11352 11181 3.0 1656197909
483655 9081 8941 3.0 1656197946
483655 4387 4321 3.0 1656198001
483655 39576 39018 3.0 1656198152
483655 30590 30118 3.0 1656198173
483655 40761 40192 3.0 1656198457
483655 3275 3241 3.0 1656198487
483655 1271 1266 3.0 1656198508
483655 20291 19949 3.0 1656198850
483655 58440 57677 3.0 1656198893
483655 38326 37775 3.0 1656199070
483655 59492 58719 3.0 1656199098
483655 59491 58718 3.0 1656199121
483655 2502 2482 3.0 1656199143
483655 2525 2505 3.0 1656199262
483655 1625 1617 3.0 1656199358
483655 1159 1155 3.0 1656199398
483655 3991 3941 3.0 1656199423
483655 25020 24613 3.0 1656199444
483655 9262 9121 3.0 1656199469
483655 2500 2480 3.0 1656199488
483655 7725 7610 3.0 1656199512
483655 1684 1676 3.0 1656199540
483655 58642 57878 3.0 1656199563
483655 59490 58717 3.0 1656199928
483655 18171 17864 3.0 1656200039
483655 9270 9129 3.0 1656200156
483655 26990 26548 3.0 1656200891
483655 10314 10158 3.0 1656200915
483655 52127 51430 3.0 1656200936
483655 12003 11825 3.0 1656201004
483655 9506 9359 3.0 1656201022
483655 303 303 3.0 1656201043
483655 2499 2479 3.0 1656201064
483655 35665 35146 3.0 1656201126
483655 306 306 3.0 1656201211
483655 2498 2478 3.0 1656201231
483655 27515 27068 3.0 1656201274
483655 2487 2467 3.0 1656201321
483655 2509 2489 3.0 1656201386
483655 2492 2472 3.0 1656201433
483655 18173 17866 3.0 1656201584
483655 32339 31855 3.0 1656201607
483655 2483 2463 3.0 1656201630
483655 9261 9120 3.0 1656201651
483655 11113 10944 3.0 1656201723
483655 4485 4418 3.0 1656201777
483655 199 199 3.0 1656201969
483655 1095 1091 3.0 1656201996
168794 14744 14508 1.0 1656202502
168794 22459 22083 1.0 1656202721
168794 38701 38146 1.0 1656202840
483655 1323 1317 5.0 1656206522
372771 19488 19160 5.0 1656207903
483655 5280 5198 1.0 1656208516
335274 50478 49796 5.0 1656211261
139613 35493 34976 5.0 1656220717
24555 7970 7850 4.0 1656237184
754325 9591 9443 5.0 1656255901
889305 18171 17864 3.0 1656280028
822331 59493 58720 1.0 1656281209
336460 8671 8536 5.0 1656302729
810134 8671 8536 1.0 1656360899
160306 3834 3784 4.0 1656363444
336749 77 77 5.0 1656368786
872440 20704 20353 5.0 1656380093
753514 41646 41063 5.0 1656380395
98969 12248 12061 5.0 1656388832
256833 1728 1720 5.0 1656413282
96077 6981 6870 5.0 1656430640
753514 26702 26265 1.0 1656437690
518984 23516 23129 5.0 1656466215
12394 77 77 4.0 1656513241
1345097 81657 80709 5.0 1656547360
810134 32550 32064 1.0 1656554795
667851 9081 8941 5.0 1656600356
603810 1578 1570 5.0 1656609501
139613 18468 18155 5.0 1656609725
892890 17992 17686 4.0 1656614224
508166 543 542 3.0 1656618357
995216 65470 64658 1.0 1656624940
403862 7581 7467 3.0 1656630280
212596 5080 5003 5.0 1656646828
810751 6694 6586 1.0 1656649341
212596 5392 5307 5.0 1656651555
259012 460 460 3.0 1656664256
132642 15694 15427 3.0 1656683676
753514 20324 19981 3.0 1656699158
753514 489 489 5.0 1656700394
508166 1406 1400 5.0 1656707217
889344 1387 1381 4.0 1656720022
559235 35664 35145 5.0 1656720057
757369 879 878 5.0 1656730605
