992508 48387 209 1.0 1641031394
1558662 65912 53993 5.0 1641055831
518041 6915 6170 5.0 1641064354
518041 35578 29375 5.0 1641065136
518041 5645 5098 1.0 1641065223
25472 25588 21351 5.0 1641066262
1048269 1269 1218 5.0 1641076780
154630 7049 4312 5.0 1641082790
154630 9074 7985 3.0 1641083371
640851 31189 25870 5.0 1641134782
640851 29214 24329 5.0 1641134835
640851 38757 31944 5.0 1641134946
640851 43916 36075 5.0 1641135122
640851 42295 34784 5.0 1641135210
36521 1819 1734 5.0 1641162253
676913 83576 68299 5.0 1641176118
87087 8447 7470 5.0 1641177426
154630 64790 53056 5.0 1641216762
173419 66778 39998 5.0 1641240489
173419 66127 39998 5.0 1641240672
262649 1635 1565 5.0 1641247527
456218 13285 3340 5.0 1641249018
880063 37032 11914 1.0 1641255808
1325 2043 1939 4.0 1641262179
58289 7540 6714 5.0 1641270396
19612 21513 18087 5.0 1641282031
22361 2 2 1.0 1641290010
797555 40992 33724 3.0 1641305794
797555 121159 99499 3.0 1641306247
2071120 3512 3242 5.0 1641311041
2071120 1810 1725 4.0 1641311346
187884 13750 11838 5.0 1641320768
394923 24508 20464 3.0 1641324086
298049 13882 11941 5.0 1641326131
162356 8566 7568 5.0 1641328157
1831394 4256 3886 5.0 1641329893
1831394 54467 12386 5.0 1641329978
188323 7504 6684 5.0 1641330018
1831394 31491 3819 5.0 1641330039
731201 15365 11787 3.0 1641330058
311831 31042 25763 4.0 1641341744
676913 20027 16879 5.0 1641346493
676913 16124 13716 5.0 1641346571
547616 107579 88268 3.0 1641358592
518041 47597 4272 5.0 1641389202
74824 45447 37332 5.0 1641393395
74824 31302 25959 4.0 1641403259
1536615 1150 1110 5.0 1641405392
182283 56519 19348 2.0 1641415899
214666 23815 19917 4.0 1641419584
1426056 3720 3424 5.0 1641454436
563 1574 1508 5.0 1641455374
385592 21511 18085 5.0 1641486784
111205 55074 45080 4.0 1641489205
298049 3228 2991 5.0 1641499360
132786 8116 7183 5.0 1641501669
255079 1817 1732 4.0 1641501677
16547 19309 16310 4.0 1641503480
63312 10660 9294 5.0 1641506434
1536467 57371 46954 5.0 1641521577
350852 3321 3077 5.0 1641541424
350852 27480 19057 5.0 1641541503
350852 32294 26737 5.0 1641541596
128978 59099 32686 4.0 1641549451
357920 13776 11858 4.0 1641567959
22075 23313 19530 5.0 1641571303
1320269 58159 47602 3.0 1641580112
701334 6432 5762 3.0 1641589955
579604 109792 90118 5.0 1641610060
410470 67692 55400 5.0 1641611581
410470 97021 46547 5.0 1641611604
410470 59508 48718 5.0 1641611647
410470 23354 19555 5.0 1641611669
410470 7382 6578 5.0 1641611696
410470 32294 26737 5.0 1641611721
410470 8348 7391 5.0 1641611747
410470 23089 19344 5.0 1641611793
410470 9431 8278 5.0 1641611814
410470 22075 18536 5.0 1641611834
410470 81354 66499 5.0 1641611884
410470 25425 21212 5.0 1641611926
410470 33545 27721 5.0 1641611945
410470 23318 19534 4.0 1641612003
410470 97019 68615 4.0 1641612028
410470 14624 12502 4.0 1641612051
410470 56570 46306 5.0 1641612154
410470 20922 17612 5.0 1641612195
410470 67838 5768 5.0 1641612217
410470 48538 39776 4.0 1641612277
410470 16579 14092 5.0 1641612405
410470 97017 65799 3.0 1641612430
410470 23801 13420 4.0 1641612455
410470 26024 21707 5.0 1641612510
410470 19699 16626 4.0 1641612538
410470 40204 20438 4.0 1641612570
410470 10479 9139 4.0 1641612648
410470 15660 13339 3.0 1641612741
410470 58373 47795 5.0 1641612783
410470 40619 19920 4.0 1641612858
410470 6145 5520 4.0 1641612881
410470 50319 36084 4.0 1641612931
410470 57971 47438 4.0 1641613005
107066 41266 33944 4.0 1641613551
579604 31252 25920 5.0 1641613767
563 1573 1507 5.0 1641626992
21843 4176 3819 5.0 1641678030
172331 836 816 1.0 1641690488
1170714 6405 5739 5.0 1641693755
173419 32992 27287 1.0 1641694327
307014 47601 39035 4.0 1641699165
439366 29430 24501 3.0 1641699356
187820 6211 1016 1.0 1641707195
433073 17631 14944 1.0 1641726155
543336 1164 1122 5.0 1641729766
288009 21238 17862 5.0 1641736818
1085596 13935 11981 4.0 1641755545
22070 211 211 3.0 1641762219
36286 2105 1991 5.0 1641762231
1170714 17451 11396 5.0 1641763169
65126 19943 16810 5.0 1641765599
65126 664 648 5.0 1641765711
65126 4753 4312 5.0 1641765749
938022 81687 66763 5.0 1641766781
404559 57222 46837 5.0 1641776035
146355 63219 17822 2.0 1641785352
433073 43208 3819 5.0 1641787529
676870 38031 11597 5.0 1641813522
239708 4500 4097 1.0 1641823883
288009 15690 13363 5.0 1641824141
1536482 70464 57628 5.0 1641825452
288009 2346 1021 5.0 1641825863
548164 2044 1940 5.0 1641832022
322855 68874 56339 1.0 1641833981
322855 7694 6840 5.0 1641834020
322855 3449 3188 1.0 1641834082
322855 46444 38114 1.0 1641834215
322855 28296 23603 5.0 1641834293
765684 57544 35270 3.0 1641841077
488170 6802 799 5.0 1641849619
17605 678 662 5.0 1641860688
115550 6650 5949 5.0 1641864047
676926 3511 3241 4.0 1641871244
547616 403 397 3.0 1641873252
423697 32969 27273 5.0 1641886927
423697 52795 43231 5.0 1641887088
423697 76297 15983 5.0 1641887158
968549 61064 50018 5.0 1641888084
1536335 67351 29082 5.0 1641888773
29155 27849 23227 5.0 1641904271
58707 19309 16310 5.0 1641920102
65089 2174 2053 1.0 1641925640
131034 2826 2629 5.0 1641926059
1320602 43905 17142 4.0 1641933782
548074 21715 18243 4.0 1641940105
146122 32686 27049 5.0 1641940903
87510 24858 20753 5.0 1641941028
146122 7284 6495 4.0 1641943759
404559 13683 1055 1.0 1641944610
919511 121892 100121 5.0 1641946999
426872 3757 3458 5.0 1641955874
262649 74614 60991 5.0 1641957045
83135 47867 39240 5.0 1641962691
290345 2044 1940 5.0 1641973022
350852 6230 3265 5.0 1641974244
350852 23530 19702 5.0 1641974320
350852 91475 74919 5.0 1641974420
350852 23432 19628 5.0 1641974517
350852 23211 19440 5.0 1641974560
350852 16527 14050 4.0 1641974700
350852 23771 534 5.0 1641974752
350852 41073 4503 5.0 1641974824
350852 14945 1052 5.0 1641974896
350852 4417 4026 5.0 1641974957
350852 11176 2 5.0 1641975034
350852 21774 18290 5.0 1641975107
350852 5105 4619 3.0 1641975154
350852 8769 7742 4.0 1641975534
350852 16137 8833 5.0 1641975639
350852 22590 18952 5.0 1641975746
350852 6991 4504 5.0 1641975848
350852 23833 19932 5.0 1641975980
1558624 24358 5963 2.0 1641979293
1536289 1635 1565 4.0 1642002754
107066 27086 22583 5.0 1642006988
1536289 5183 4691 5.0 1642008663
61849 34621 28596 3.0 1642015821
547886 67133 54969 5.0 1642016328
444597 8769 7742 5.0 1642020130
746558 43892 19702 5.0 1642033745
148785 1571 1505 5.0 1642054587
350852 23759 19871 5.0 1642059833
350852 4554 4141 5.0 1642060711
350852 8410 7446 5.0 1642060987
350852 1242 1194 4.0 1642061245
350852 29845 24839 5.0 1642062303
328659 67779 55470 5.0 1642094594
328659 26069 21743 5.0 1642094724
328659 23641 19784 5.0 1642094971
548069 1575 1509 3.0 1642095956
45516 32772 309 5.0 1642101979
676913 111352 91440 5.0 1642125351
305608 23118 19367 5.0 1642127382
107319 2619 211 3.0 1642129335
444597 99697 81685 1.0 1642136129
444597 2094 1981 5.0 1642138495
146355 1258 1207 5.0 1642143239
414159 20471 17247 4.0 1642154731
214666 15015 2178 5.0 1642188646
83135 12219 10573 1.0 1642191058
214666 62609 51312 5.0 1642191425
214666 837 485 5.0 1642191467
214666 7333 6535 5.0 1642191576
214666 29169 24296 3.0 1642191822
161452 5191 4699 5.0 1642197252
22070 23296 19517 1.0 1642202293
83135 47864 39237 1.0 1642217713
215345 13 13 4.0 1642228792
316718 44893 36880 2.0 1642236500
239708 41057 33775 5.0 1642247080
456218 37643 31063 5.0 1642252825
1032594 16220 4842 4.0 1642274049
1032594 66145 1536 5.0 1642274179
262649 60949 49916 2.0 1642274921
45458 2111 1997 5.0 1642275163
305608 71832 58743 5.0 1642284378
208408 2541 2372 5.0 1642289162
676540 1573 1507 4.0 1642290518
1139885 12187 10549 5.0 1642291576
1139885 30230 25156 5.0 1642291666
213706 6892 6148 5.0 1642346755
2190 5148 4659 5.0 1642355430
327164 57039 46688 5.0 1642361909
327164 46961 38524 5.0 1642361940
105314 28775 23978 2.0 1642362785
1891559 117194 60960 5.0 1642363097
1891559 23433 19629 5.0 1642363245
676980 1972 1880 5.0 1642364311
1536844 59483 48697 5.0 1642367267
1536844 75194 61433 4.0 1642367354
1536844 12427 10742 5.0 1642367397
1536844 5880 5298 5.0 1642367506
1536844 5819 5244 5.0 1642367570
518041 72494 20408 5.0 1642374115
547616 6002 5397 3.0 1642407750
547616 6570 5397 3.0 1642407857
563 1572 1506 4.0 1642412825
255124 73855 60391 5.0 1642416061
255124 44488 36551 5.0 1642416324
1536482 5448 4929 5.0 1642432667
1536482 51397 1487 5.0 1642432814
46655 3755 2189 5.0 1642435285
36521 1573 1507 4.0 1642435536
46655 14006 12034 5.0 1642436068
58707 4599 4178 4.0 1642440135
69459 17087 14505 5.0 1642449699
69459 35678 29454 5.0 1642449764
69459 43889 36057 5.0 1642449887
196122 13763 1657 4.0 1642455399
213460 38661 31876 4.0 1642456315
162356 41306 33977 5.0 1642457846
213460 21338 17941 3.0 1642458645
563 1571 1505 5.0 1642480217
87087 2044 1940 3.0 1642485974
262300 1809 1724 3.0 1642533648
2071120 2044 1940 5.0 1642541329
1171380 76590 62552 5.0 1642551438
98303 1451 1390 5.0 1642551604
98303 11816 10253 5.0 1642551648
98303 11213 9758 2.0 1642551785
98303 29 29 5.0 1642552034
98303 1599 1532 2.0 1642552147
98303 4510 2376 5.0 1642552492
98303 4436 4041 4.0 1642553360
98303 51451 42167 2.0 1642553848
98303 2842 2645 5.0 1642554169
98303 13683 1055 2.0 1642554266
98303 43913 36073 3.0 1642554813
98303 4872 4416 2.0 1642554849
98303 4439 4043 4.0 1642555091
98303 22968 19236 2.0 1642555150
98303 15725 12773 2.0 1642555288
224884 53805 44060 5.0 1642555326
98303 1088 1052 3.0 1642555396
98303 1243 1195 3.0 1642555413
98303 4583 4165 5.0 1642555526
98303 40002 19589 2.0 1642555599
98303 43926 36083 2.0 1642555758
224884 20294 17107 4.0 1642555767
224884 20299 1308 5.0 1642555809
224884 8153 7217 5.0 1642555827
224884 10591 9230 5.0 1642555888
98303 816 797 3.0 1642555893
224884 8766 1462 5.0 1642555933
98303 11789 3007 5.0 1642555965
98303 3094 2870 5.0 1642556053
98303 1364 1310 5.0 1642556122
98303 1055 212 5.0 1642556163
98303 4972 4503 5.0 1642556464
98303 23174 19411 5.0 1642556503
224884 10531 9184 5.0 1642556800
1572244 126212 57136 2.0 1642558071
98303 38796 31974 5.0 1642562335
98303 6797 6070 5.0 1642562397
98303 4417 4026 5.0 1642562559
98303 10076 8804 5.0 1642562956
98303 7248 6463 5.0 1642563080
98303 1242 1194 5.0 1642563136
98303 1132 1092 5.0 1642563491
98303 2622 2444 5.0 1642563629
98303 1244 1196 5.0 1642563713
98303 4899 4440 5.0 1642563784
98303 3454 1129 5.0 1642563990
98303 4638 4211 5.0 1642564057
17605 20027 16879 5.0 1642570795
161186 23448 19641 5.0 1642602736
1335259 103172 84594 4.0 1642610741
255124 21191 17820 5.0 1642619166
1536500 41549 34173 5.0 1642626060
879217 23771 534 5.0 1642629204
548164 34606 28585 5.0 1642629634
361213 54616 44703 3.0 1642632504
322855 20898 13635 2.0 1642647677
322855 7869 6973 5.0 1642647860
913626 24797 20701 5.0 1642683609
38503 21733 18257 4.0 1642693693
74824 3511 3241 5.0 1642705216
1831394 6103 5485 4.0 1642705494
5701 10167 8880 5.0 1642706386
5701 7379 2636 5.0 1642706887
5701 7211 6429 5.0 1642707047
214666 23172 7153 1.0 1642709211
5701 10166 8879 5.0 1642710976
5701 3284 1331 5.0 1642711287
5701 2057 1950 5.0 1642711338
5701 10165 2377 5.0 1642711563
547616 6020 5412 5.0 1642711590
5701 9633 7942 5.0 1642711673
5701 8450 7472 2.0 1642712614
5701 10164 4 5.0 1642712815
5701 10163 8878 5.0 1642713104
5701 7258 6471 5.0 1642713219
5701 4479 4077 5.0 1642713276
5701 1242 1194 4.0 1642713651
5701 10162 8877 4.0 1642714044
5701 3142 684 5.0 1642715165
5701 10161 8876 5.0 1642715475
5701 6142 5518 4.0 1642715687
5701 10160 4712 5.0 1642715912
5701 432 426 5.0 1642716048
5701 3508 3238 4.0 1642716135
5701 3286 3045 5.0 1642716286
5701 3577 3297 4.0 1642716385
5701 7207 6428 5.0 1642716699
5701 10159 8875 4.0 1642716757
5701 722 705 5.0 1642716845
5701 4125 3778 5.0 1642717544
5701 956 929 5.0 1642717618
444597 584 571 5.0 1642718087
182901 69912 57173 5.0 1642719049
125555 12322 10656 5.0 1642728254
731201 23174 19411 5.0 1642736846
422992 50018 13066 5.0 1642812267
746558 179 179 5.0 1642819683
518041 46892 38477 5.0 1642822434
579604 23011 14841 5.0 1642846454
475893 81139 66321 4.0 1642874723
475893 12495 10800 4.0 1642874830
475893 57528 32731 3.0 1642874969
475893 27805 23196 3.0 1642875150
475893 2313 2178 3.0 1642875383
475893 28638 23867 2.0 1642875508
475893 13807 11884 3.0 1642875713
475893 1151 1111 4.0 1642875915
475893 15144 12928 3.0 1642876083
475893 9576 220 3.0 1642876262
475893 4853 4399 5.0 1642876368
475893 58107 14563 4.0 1642876506
36521 19732 3995 5.0 1642876551
475893 23988 2774 3.0 1642876631
475893 22668 19005 3.0 1642876736
475893 23301 8527 3.0 1642876975
475893 27799 7404 2.0 1642877125
475893 28085 11229 4.0 1642877205
475893 20270 17087 3.0 1642877352
475893 21256 3679 3.0 1642877434
475893 46096 37849 2.0 1642877554
475893 5832 5254 4.0 1642877664
475893 1551 1485 4.0 1642877995
475893 16907 4350 4.0 1642878231
475893 11105 9666 5.0 1642878373
293308 55791 45682 4.0 1642891454
47011 1574 1508 4.0 1642899046
653517 105120 86236 5.0 1642900214
213460 73719 60278 5.0 1642914727
1589252 40868 3058 5.0 1642920934
547616 48967 21125 3.0 1642936386
547616 31265 21125 3.0 1642936422
128978 59098 5534 5.0 1642944332
128978 15273 13038 5.0 1642944633
1537059 1482 1421 4.0 1642951977
1537059 8226 7281 3.0 1642956176
457520 16028 7244 1.0 1642956650
45516 2266 2136 5.0 1642963627
1170714 4500 4097 5.0 1642965696
266670 10476 9138 5.0 1642969849
266670 14410 9141 5.0 1642969885
266670 81762 66822 3.0 1642969962
1498721 75194 61433 4.0 1642970060
563969 81429 10702 4.0 1642984969
43220 34605 28584 5.0 1642986239
157773 18472 15624 4.0 1643004880
61849 24380 7696 1.0 1643043025
107213 5312 1490 1.0 1643049013
311903 10518 9173 5.0 1643056361
164 549 537 5.0 1643057070
1364147 12545 10844 5.0 1643069516
816839 36607 30219 5.0 1643076629
816839 1652 736 5.0 1643076728
816839 43985 36133 5.0 1643076979
816839 121986 100191 5.0 1643078408
816839 16094 13693 5.0 1643081176
1391100 92534 74797 4.0 1643100091
1391100 24507 20463 4.0 1643100265
1391100 68137 55752 4.0 1643100333
239708 1617 1549 5.0 1643130041
239708 671 655 3.0 1643130058
239708 5129 4642 2.0 1643130085
1227715 82365 67294 5.0 1643159331
193759 6672 5965 3.0 1643166669
301580 30986 25725 4.0 1643215685
902827 1638 1568 5.0 1643218658
512083 7159 6384 1.0 1643239430
293308 80997 66209 1.0 1643245194
38503 32686 27049 5.0 1643245769
5701 5028 4552 5.0 1643249242
857147 1639 1569 5.0 1643277324
1629868 60463 49534 5.0 1643294935
953 2761 2573 5.0 1643298912
1335259 1759 1675 3.0 1643302973
797555 61065 50019 4.0 1643305686
797555 61064 50018 4.0 1643306134
33421 30358 25266 5.0 1643309100
1589252 45154 37093 5.0 1643309604
1061334 4622 4197 5.0 1643320319
1061334 13750 11838 5.0 1643320823
208641 23037 19297 5.0 1643327475
208641 30671 20554 5.0 1643327967
797555 56157 45986 4.0 1643328937
518041 26894 22435 5.0 1643332517
518041 16528 14051 5.0 1643332669
547616 6569 5877 4.0 1643356900
547616 7796 6912 4.0 1643357098
676887 32686 27049 4.0 1643376360
81042 2437 1509 5.0 1643384790
1537059 1571 1505 4.0 1643387210
311831 50502 16905 4.0 1643389200
208641 73862 28568 5.0 1643395009
208641 22937 1316 5.0 1643403864
676887 31743 1880 4.0 1643419585
676887 5009 4537 4.0 1643419843
676887 34509 28506 4.0 1643421086
1227715 23037 19297 5.0 1643431478
290345 7796 6912 5.0 1643444166
14803 13953 2051 2.0 1643458796
919511 16017 13625 5.0 1643468625
242858 26283 6912 5.0 1643471475
547766 59631 48822 5.0 1643474776
547766 60240 49344 5.0 1643474847
1227715 105383 86460 5.0 1643486079
255545 31303 5706 5.0 1643487320
255545 3511 3241 5.0 1643488704
255545 45447 37332 5.0 1643488890
255545 1810 1725 5.0 1643489046
547616 26283 6912 4.0 1643505386
99119 31676 26252 5.0 1643507719
99119 21858 18353 5.0 1643514726
99119 21996 2636 5.0 1643515211
1335259 140872 27060 5.0 1643520565
309229 720 179 5.0 1643550024
1227715 1805 1720 5.0 1643554053
469770 69603 56911 5.0 1643556500
469770 101703 52168 5.0 1643556648
469770 41164 6474 5.0 1643556688
469770 23853 19949 4.0 1643556790
1558662 7796 6912 5.0 1643568709
285160 7284 6495 3.0 1643570636
198646 17676 14977 5.0 1643572928
146122 13763 1657 4.0 1643577356
2190 893 867 5.0 1643587044
816839 1256 1206 5.0 1643587940
816839 23027 19288 5.0 1643588065
816839 9509 1381 5.0 1643588229
198646 2541 2372 5.0 1643588781
208641 73861 23227 5.0 1643590533
208641 35775 29535 5.0 1643590627
208641 31775 6986 5.0 1643590725
208641 13763 1657 4.0 1643591083
61849 5666 1040 2.0 1643608160
198646 57312 46908 5.0 1643608903
277756 6569 5877 4.0 1643642265
213460 74613 60990 5.0 1643650935
679324 67843 19897 5.0 1643674097
598 1806 1721 5.0 1643679269
598 1571 1505 5.0 1643679779
598 1805 1720 5.0 1643682396
1891559 23118 19367 5.0 1643683631
1891559 8769 7742 5.0 1643683676
1891559 30108 25060 5.0 1643683729
144379 31777 17443 3.0 1643688798
144379 8438 5963 5.0 1643688838
144379 3514 1572 5.0 1643689517
144379 5454 4933 3.0 1643690601
144379 62938 51540 5.0 1643691343
144379 5703 5149 5.0 1643691663
1087435 21016 17689 1.0 1643692565
211315 6366 5582 5.0 1643735573
36521 31775 6986 5.0 1643738725
213615 6571 5878 4.0 1643758750
1536289 1573 1507 5.0 1643765027
676913 20025 16877 5.0 1643766685
83135 47863 39236 1.0 1643769088
185836 6570 5397 5.0 1643773836
198646 7796 6912 5.0 1643816331
490805 6569 5877 5.0 1643816613
311831 2638 962 4.0 1643821976
1288826 24897 2042 5.0 1643824075
1640 4175 3340 5.0 1643825018
1536496 34588 28568 5.0 1643825724
1589252 7796 6912 5.0 1643825863
301408 1048 1015 3.0 1643829168
17913 20309 17119 5.0 1643829206
90154 49231 17652 4.0 1643834824
90154 5527 4998 2.0 1643835565
90154 49924 40923 5.0 1643836024
470023 75310 61527 1.0 1643844551
208641 41549 34173 5.0 1643845735
1170714 103155 59747 5.0 1643854260
22070 23295 19516 4.0 1643894224
1536615 10472 9135 4.0 1643901951
146122 434 428 3.0 1643904781
2089 4925 4463 5.0 1643907066
69459 4417 4026 5.0 1643910508
69459 7248 6463 5.0 1643910814
43214 34588 28568 5.0 1643911218
208641 2035 1931 3.0 1643914191
1048269 31375 21125 2.0 1643916404
402081 35065 28945 4.0 1643925278
1170714 14893 12725 5.0 1643938307
116535 32686 27049 5.0 1643956787
559332 49165 40288 4.0 1643981189
158377 41549 34173 4.0 1643999505
1048269 6569 5877 5.0 1644002798
322855 88730 72653 1.0 1644005025
262300 18477 5371 4.0 1644006386
262300 3514 1572 4.0 1644007751
676540 6670 5963 5.0 1644014039
116535 23110 19360 5.0 1644019111
645114 11171 9721 4.0 1644021574
87879 49231 17652 5.0 1644053506
87879 49230 40339 5.0 1644053801
335675 7796 6912 5.0 1644055354
87879 4435 4040 5.0 1644056916
559332 6896 6151 5.0 1644069964
518041 16527 14050 5.0 1644079581
919499 42788 11091 5.0 1644083384
164983 66781 54685 4.0 1644087024
164983 25720 21459 4.0 1644087358
117699 5704 5150 5.0 1644094387
203319 9217 8111 5.0 1644095610
187820 2846 2649 5.0 1644097902
1227715 84060 11091 5.0 1644107358
322747 15986 1016 5.0 1644127693
322747 23024 19285 4.0 1644127735
953 2278 2146 5.0 1644156467
154630 64789 7174 4.0 1644163384
317607 12534 5517 5.0 1644164419
213460 41549 34173 5.0 1644175964
116535 56452 46207 5.0 1644180513
116535 21982 18458 5.0 1644180769
262649 27086 22583 2.0 1644188605
136791 11104 9665 5.0 1644194034
208641 73860 60395 5.0 1644240850
20459 3367 303 5.0 1644262881
548007 47792 12173 3.0 1644265773
187820 23355 19556 5.0 1644268781
89262 10999 9572 4.0 1644278706
38503 548 536 5.0 1644283566
953 2760 2572 5.0 1644328471
2221 5370 4861 3.0 1644337723
676968 31770 6985 4.0 1644349341
676968 31771 26322 4.0 1644350038
676968 5454 4933 4.0 1644351465
676968 38031 11597 3.0 1644352729
480031 56184 46005 2.0 1644355604
169718 54467 12386 5.0 1644357319
796651 28550 9817 3.0 1644365783
797555 44645 4963 3.0 1644366302
318120 26828 22376 5.0 1644380769
1241539 39748 32729 5.0 1644412573
1241539 1547 1481 5.0 1644412709
1241539 24508 20464 5.0 1644412742
953 2759 2571 5.0 1644414513
214666 18 18 5.0 1644424197
214666 74864 61185 4.0 1644424248
214666 36450 30091 5.0 1644424311
214666 74863 61184 4.0 1644424403
214666 32557 15136 5.0 1644424447
214666 50018 13066 5.0 1644424481
17913 20308 4072 5.0 1644434699
17913 6872 6133 5.0 1644434765
35638 20018 16872 4.0 1644437028
35638 21443 18031 4.0 1644437431
35638 731 714 4.0 1644437593
169718 14464 12386 5.0 1644446188
127233 58741 13764 1.0 1644464825
17605 20026 16878 5.0 1644502185
213706 53443 10835 5.0 1644502378
213706 644 629 5.0 1644502555
213706 8221 7244 4.0 1644502639
116535 1479 1418 5.0 1644531247
456218 13206 11396 4.0 1644542452
456218 5603 5060 1.0 1644542532
161452 66127 39998 5.0 1644557429
14803 17819 15092 3.0 1644578559
225014 13752 179 3.0 1644579334
547616 31681 26256 3.0 1644587482
1335259 140871 115793 4.0 1644610015
543336 25836 21549 5.0 1644612505
322747 6569 5877 4.0 1644635954
548069 3515 3243 4.0 1644691331
543406 8203 7263 4.0 1644692401
198646 4260 3889 1.0 1644698887
3408 7121 6352 5.0 1644699339
345495 16976 14409 3.0 1644723428
469770 101701 83366 5.0 1644724601
373304 7521 6697 1.0 1644738026
191499 71227 58247 3.0 1644744129
285160 62953 51550 5.0 1644786775
285160 13833 11904 4.0 1644787308
426872 92142 75470 5.0 1644788599
426872 15598 13288 4.0 1644792941
426872 7069 6307 5.0 1644793177
1803202 8042 7121 4.0 1644799370
169718 3777 3472 5.0 1644810830
548164 107718 88380 5.0 1644819079
116535 43356 35627 5.0 1644857589
158377 23110 19360 4.0 1644859548
304278 2369 839 5.0 1644894140
444556 21699 18229 5.0 1644931920
444556 671 655 5.0 1644932782
444556 14042 12065 5.0 1644933062
444556 5195 4703 5.0 1644933210
444556 21694 2136 5.0 1644933294
444556 45062 37020 5.0 1644933805
444556 57311 46907 5.0 1644933967
444556 59515 48725 5.0 1644934037
444556 9881 8644 5.0 1644934175
1536289 50456 41361 4.0 1644945221
1536289 29193 24312 5.0 1644945419
137107 42579 35011 5.0 1644947013
137107 5883 5299 5.0 1644947092
1536615 43915 36074 4.0 1644949933
198646 38032 17443 5.0 1644953509
105586 4406 4016 5.0 1644964676
285160 2039 1935 5.0 1644968533
439366 7277 6489 5.0 1644981857
285160 1805 1720 4.0 1645004131
480031 6812 1708 5.0 1645036449
1536496 7284 6495 5.0 1645037656
311831 4435 4040 4.0 1645038706
116535 5702 5148 5.0 1645048714
22032 23232 19459 5.0 1645048940
22032 23231 19458 5.0 1645048980
1498721 720 179 4.0 1645051645
391005 35309 7154 5.0 1645051824
653517 8753 7729 5.0 1645058289
65126 11413 9930 5.0 1645061475
17913 2454 2295 5.0 1645074746
512083 27710 12354 1.0 1645085204
404559 12843 11091 1.0 1645105925
117699 49365 40446 5.0 1645111109
1188010 11717 10177 5.0 1645133329
421679 83132 35096 3.0 1645134837
421679 83132 35096 3.0 1645134837
423697 18921 15983 5.0 1645142943
89262 8564 7566 5.0 1645145720
240489 14553 12453 5.0 1645166839
240489 78350 64026 5.0 1645166938
439366 7095 6330 5.0 1645168441
547616 10440 9108 5.0 1645171508
547616 15439 9108 5.0 1645171645
828762 15439 9108 5.0 1645180687
543336 100956 20738 5.0 1645181501
277756 35545 9108 5.0 1645198293
444597 72870 59609 5.0 1645199355
947589 4598 1503 5.0 1645210143
322855 66427 54409 1.0 1645212653
1536500 5702 5148 5.0 1645223336
676926 49331 40420 4.0 1645236057
107754 26605 22189 5.0 1645247505
184906 70241 57442 5.0 1645280193
547616 68034 9108 5.0 1645305092
21843 7796 6912 5.0 1645314724
2218 5331 4827 4.0 1645322489
73748 45181 12072 5.0 1645352061
456218 18794 3461 5.0 1645373161
45458 8142 7206 5.0 1645375872
28192 10440 9108 5.0 1645385938
765684 59381 48617 5.0 1645399389
255079 8438 5963 5.0 1645404343
470023 23707 11091 3.0 1645407082
470023 720 179 4.0 1645407135
1139885 30229 25155 4.0 1645408217
470023 3295 3053 5.0 1645410988
888235 41353 34015 5.0 1645451973
888235 7982 7068 3.0 1645452173
888235 11345 9869 4.0 1645452338
888235 36732 30320 5.0 1645452785
888235 90 90 5.0 1645452966
953 2758 2570 5.0 1645456664
1536939 4566 4152 5.0 1645465083
301580 85919 70247 4.0 1645484600
1536461 10440 9108 5.0 1645489508
547652 12196 10556 5.0 1645493646
547652 1990 1895 5.0 1645493998
470023 19411 4700 3.0 1645510070
74824 1574 1508 5.0 1645539191
208641 44645 4963 4.0 1645546771
263339 49374 1936 5.0 1645564625
240489 4627 4201 5.0 1645576012
1097362 23707 11091 4.0 1645580923
158377 65557 53710 5.0 1645593354
857147 1575 1509 5.0 1645594137
1241539 131687 108175 5.0 1645624138
116535 47000 38553 5.0 1645632300
783768 7573 587 5.0 1645636260
116535 52888 43309 3.0 1645642645
143044 13833 11904 3.0 1645645318
74824 45445 1938 5.0 1645650707
159140 65718 53840 4.0 1645664201
1398363 2167 2046 5.0 1645666727
1398363 13206 11396 1.0 1645667500
714664 15316 3410 5.0 1645667517
714664 40375 33242 5.0 1645667584
714664 2008 1910 5.0 1645667627
714664 85548 69918 5.0 1645667658
714664 77480 33073 5.0 1645667685
714664 34300 28332 5.0 1645667742
714664 41725 34323 5.0 1645667768
714664 11836 10268 5.0 1645667793
714664 15572 13273 5.0 1645667822
1398363 23683 19408 4.0 1645667917
222174 75849 61939 3.0 1645689566
19612 21512 18086 5.0 1645696819
11847 15763 9108 1.0 1645700344
69459 546 534 5.0 1645725518
1493958 17874 15136 1.0 1645726155
69459 20863 17563 5.0 1645726596
69459 43888 36056 5.0 1645726654
69459 18551 15686 5.0 1645726806
69459 14826 12669 5.0 1645726921
361213 26646 9108 4.0 1645745522
361213 18551 15686 3.0 1645746088
361213 92687 75920 5.0 1645746509
285160 74616 60993 3.0 1645772459
285160 83695 31661 4.0 1645772541
285160 33306 27531 3.0 1645772648
285160 45444 37330 5.0 1645774968
285160 48050 39386 4.0 1645775394
285160 74613 60990 5.0 1645775776
547616 4552 2034 4.0 1645776175
547616 2154 2034 4.0 1645776250
129188 17840 15109 5.0 1645805422
129188 59158 6871 5.0 1645806062
129188 21062 17725 5.0 1645806328
129188 21610 16431 5.0 1645806704
129188 5193 4701 5.0 1645806841
543336 2541 2372 5.0 1645822425
543336 45859 37659 5.0 1645822763
543336 10385 648 5.0 1645822883
543336 33025 27311 5.0 1645822999
43220 19509 16468 5.0 1645836572
433073 54358 44483 1.0 1645842690
207090 7796 6912 5.0 1645850721
10940 2154 2034 5.0 1645880325
10940 14940 2034 5.0 1645880424
251898 56495 46239 5.0 1645889402
3124 6672 5965 4.0 1645899229
1376725 15439 9108 5.0 1645915828
11847 4552 2034 5.0 1645978748
76299 45910 37696 4.0 1645980025
171373 23777 9755 5.0 1646009880
171373 67844 55525 5.0 1646009928
171373 67843 19897 5.0 1646009974
171373 67842 55524 5.0 1646010274
171373 60024 49161 5.0 1646010462
171373 46776 38383 5.0 1646010478
171373 67841 55523 5.0 1646010498
180130 62953 51550 4.0 1646011814
849286 5539 5007 3.0 1646016939
90154 455 447 1.0 1646019503
90154 1149 1109 5.0 1646020968
78032 7796 6912 5.0 1646024265
376639 13096 11305 2.0 1646026751
457690 1152 861 5.0 1646030600
543336 74584 4842 1.0 1646041247
547732 5475 4952 4.0 1646050421
276450 82970 67790 1.0 1646051835
345495 1642 1572 5.0 1646066620
497240 2154 2034 4.0 1646081053
1536500 2279 2147 5.0 1646084501
1536500 2041 1937 5.0 1646085055
213460 1569 1503 5.0 1646087983
547291 2279 2147 5.0 1646109443
547291 45181 12072 5.0 1646109601
547291 5447 4928 5.0 1646109764
116535 56451 46206 5.0 1646110090
231813 2541 2372 5.0 1646110135
322747 10440 9108 5.0 1646110563
724044 31490 26106 5.0 1646111315
350852 2154 2034 5.0 1646119452
350852 11209 9754 5.0 1646119531
17605 2279 2147 5.0 1646120168
136791 7995 7081 5.0 1646122092
444597 175 175 5.0 1646128250
255124 74834 36239 4.0 1646166394
255124 50699 41556 5.0 1646166500
255124 1761 1677 5.0 1646166789
6873 5361 4853 2.0 1646224517
22205 7796 6912 5.0 1646234376
1170714 8419 7452 5.0 1646237052
262300 1638 1568 3.0 1646249603
37492 2154 2034 3.0 1646254295
423697 835 815 5.0 1646256389
423697 4800 4350 5.0 1646257004
71739 25481 21261 5.0 1646273569
173419 2154 2034 5.0 1646276117
193759 33306 27531 5.0 1646280933
71739 44583 36621 5.0 1646282793
977089 25909 14068 5.0 1646293747
977089 29638 24681 5.0 1646294156
977089 20122 16960 5.0 1646294683
977089 9657 2095 5.0 1646294825
977089 14372 12318 5.0 1646295034
977089 3131 2904 5.0 1646295354
977089 23480 19664 5.0 1646295473
977089 14854 12690 5.0 1646296146
977089 26214 21868 5.0 1646296563
977089 14533 8001 5.0 1646296648
977089 336 333 5.0 1646296770
1254857 4552 2034 5.0 1646336818
547291 1572 1506 5.0 1646342054
547291 53007 43407 5.0 1646342146
547291 83654 68366 5.0 1646342412
61849 7277 6489 3.0 1646353612
61849 24174 20193 2.0 1646356601
1398363 15439 9108 1.0 1646400086
293308 3709 3414 2.0 1646407773
277756 14436 1487 5.0 1646415701
213706 23180 3819 5.0 1646422892
36521 1809 1724 5.0 1646423695
977089 20319 17127 5.0 1646430205
977089 55245 22233 5.0 1646430289
977089 2013 1914 5.0 1646430402
518348 6997 6248 5.0 1646430405
977089 60261 49363 5.0 1646430520
977089 5596 5053 5.0 1646430703
977089 40715 33511 5.0 1646430798
977089 60764 49763 5.0 1646431139
977089 8924 1486 5.0 1646431259
1170714 11789 3007 5.0 1646432046
227316 40501 33344 5.0 1646433713
60556 2163 2042 3.0 1646452510
119146 6655 5321 3.0 1646453242
45516 35545 9108 5.0 1646456919
45516 26283 6912 5.0 1646456968
45458 6997 6248 1.0 1646485907
45458 2541 2372 1.0 1646486340
45458 35507 19353 1.0 1646486585
45458 35506 29313 1.0 1646487239
117509 34591 28571 4.0 1646503586
117509 5671 5118 5.0 1646503633
117509 40821 11144 5.0 1646504196
208641 73858 60393 5.0 1646506407
138255 24809 20710 1.0 1646516346
518041 32059 26548 5.0 1646523552
518041 41174 33869 5.0 1646523872
38643 32764 27110 5.0 1646525134
17605 20025 16877 5.0 1646533914
496785 20863 17563 4.0 1646536991
547616 7098 6332 3.0 1646540818
547616 12222 6332 3.0 1646540860
1558662 6997 6248 5.0 1646594186
38643 13752 179 5.0 1646616707
38643 211 211 5.0 1646616815
38643 23180 3819 5.0 1646616975
38643 1113 1073 5.0 1646617164
645114 6078 5462 5.0 1646619604
1266226 84591 69112 4.0 1646619665
645114 44904 36891 5.0 1646619717
1266226 76563 62531 5.0 1646619922
548164 81218 66389 5.0 1646621661
548164 44645 4963 5.0 1646623499
298049 2154 2034 5.0 1646671087
3408 7120 6351 5.0 1646689848
3408 48 48 5.0 1646691042
191287 4226 936 5.0 1646691992
191287 39329 1194 5.0 1646692674
191287 52498 42988 5.0 1646692990
191287 25968 21664 5.0 1646693034
322855 14464 12386 5.0 1646698888
322855 10440 9108 5.0 1646699181
322855 14576 12468 5.0 1646699430
322855 88729 72652 5.0 1646699481
322855 15775 13427 1.0 1646699719
977089 20299 1308 5.0 1646709767
582628 86347 70594 4.0 1646776322
582628 23853 19949 4.0 1646776465
22075 15439 9108 5.0 1646779750
676913 34702 28662 5.0 1646785403
835868 24504 20460 5.0 1646807168
547616 23294 19515 5.0 1646809202
184906 6755 6033 5.0 1646837604
184906 8749 7725 5.0 1646837943
355634 7796 6912 5.0 1646845679
518041 25644 21395 5.0 1646867545
255124 36314 29976 5.0 1646868346
255124 43247 19020 5.0 1646868689
2112334 2541 2372 5.0 1646885232
78032 23174 19411 5.0 1646895671
78032 1132 1092 5.0 1646896006
78032 23175 19412 4.0 1646896490
78032 46495 38159 5.0 1646896874
1536482 44265 4859 5.0 1646919736
1536482 14436 1487 5.0 1646927818
60556 40770 33552 1.0 1646944315
277870 31777 17443 5.0 1646945432
444597 36292 19415 5.0 1646949516
1457731 4175 3340 5.0 1646955249
1457731 6755 6033 5.0 1646955283
676926 2278 2146 5.0 1646966640
543336 36313 4854 5.0 1646975225
277870 33577 27747 3.0 1646980478
277870 79134 64676 5.0 1646984033
676887 107654 88327 5.0 1646998021
214666 15432 1131 5.0 1647022153
214666 20633 17380 5.0 1647022270
36521 5701 5147 5.0 1647036091
328059 89311 34460 5.0 1647039625
328059 410 404 4.0 1647040101
328059 6834 6097 5.0 1647041048
328059 89310 4541 3.0 1647041136
328059 89309 31603 3.0 1647041343
328059 159 159 4.0 1647041588
490805 7322 2034 3.0 1647053028
277870 13096 11305 3.0 1647111336
277870 5703 5149 4.0 1647111528
277870 2278 2146 5.0 1647111693
324875 46730 38344 5.0 1647113528
979031 10472 9135 5.0 1647118223
979031 46494 19890 5.0 1647118539
979031 13299 11468 5.0 1647118698
979031 91814 75197 4.0 1647118844
22084 2397 2250 5.0 1647120211
1052151 16017 13625 4.0 1647121591
564 1634 1507 5.0 1647142848
239708 21850 18345 5.0 1647184277
125037 4566 4152 2.0 1647200024
60556 31671 12070 5.0 1647218082
22361 2154 2034 4.0 1647238825
311591 3997 3667 1.0 1647262631
311591 81847 66887 5.0 1647262819
888235 14940 2034 5.0 1647265369
857451 22765 19085 5.0 1647267340
69459 6997 6248 5.0 1647278420
69459 3931 3616 5.0 1647278742
69459 23713 19838 5.0 1647278870
947589 25739 21472 3.0 1647281093
1170714 432 426 5.0 1647295566
1170714 4417 4026 5.0 1647295765
602673 36034 29743 5.0 1647296534
158377 65555 53708 5.0 1647298656
114281 35309 7154 5.0 1647305814
251898 5007 4535 5.0 1647307837
316718 5987 5385 3.0 1647310171
547616 25047 6332 3.0 1647321036
547616 39808 6332 2.0 1647321204
547616 39285 28659 3.0 1647321337
547616 51912 28659 3.0 1647321423
919511 34605 28584 5.0 1647357682
143044 2036 1932 4.0 1647358261
512137 31211 25885 5.0 1647361535
512137 17790 15074 5.0 1647361579
512137 75394 19285 5.0 1647361705
512137 39700 30130 5.0 1647361727
512137 6354 3021 5.0 1647361744
512137 6121 3300 5.0 1647361792
512137 30593 19617 5.0 1647361806
512137 3580 3300 5.0 1647361824
512137 68962 19285 5.0 1647361855
512137 39298 1109 5.0 1647361886
512137 979 936 5.0 1647361900
512137 1281 1230 5.0 1647362052
512137 3627 3341 5.0 1647362067
512137 31 31 5.0 1647362231
512137 1245 1197 5.0 1647362328
512137 7103 6336 5.0 1647362391
512137 36544 30165 5.0 1647362509
512137 4566 4152 5.0 1647362983
512137 8092 2372 5.0 1647363071
255124 69837 57116 5.0 1647369580
255124 80213 65561 5.0 1647369660
1398363 1089 1053 3.0 1647373379
255124 80212 65560 5.0 1647374784
45458 35505 29312 5.0 1647391436
676913 12196 10556 5.0 1647399673
114281 6121 3300 5.0 1647402007
240489 41073 4503 5.0 1647444741
240489 5539 5007 5.0 1647444848
1537059 73997 6985 4.0 1647448207
1537059 12196 10556 3.0 1647452097
361213 2154 2034 4.0 1647453118
497240 6997 6248 4.0 1647462969
1536461 2154 2034 5.0 1647471570
3408 3491 1695 4.0 1647527716
351399 13752 179 5.0 1647561638
547616 39516 19246 3.0 1647589246
547616 22980 19246 3.0 1647589376
277870 5454 4933 5.0 1647591168
406478 12222 6332 1.0 1647608846
4209 8237 426 4.0 1647613593
140255 4552 2034 3.0 1647620361
361213 23194 19427 3.0 1647621604
361213 4931 4468 5.0 1647621721
361213 13752 179 4.0 1647621885
22053 23274 19501 5.0 1647624752
676913 20028 16880 5.0 1647630305
1170714 58037 35847 4.0 1647636884
255079 177 177 5.0 1647638016
255079 1574 1508 5.0 1647638348
391005 4634 4208 5.0 1647640808
391005 9381 8239 5.0 1647640987
423697 34014 28102 5.0 1647645909
423697 9174 7204 5.0 1647645951
423697 8835 7789 4.0 1647646032
158377 37117 30638 5.0 1647648945
277870 38722 31922 3.0 1647656972
105127 53195 43558 4.0 1647693736
21960 6997 6248 5.0 1647696451
317170 8237 426 1.0 1647708629
19612 21511 18085 1.0 1647709712
1061334 17438 14791 5.0 1647709889
277870 19732 3995 3.0 1647714288
158377 58850 48173 5.0 1647739870
252937 62545 51256 5.0 1647747625
252937 79929 65314 5.0 1647747833
252937 79928 65313 5.0 1647747970
1537059 13096 11305 2.0 1647782672
107066 50630 41494 5.0 1647796194
509356 73093 59771 5.0 1647798699
509356 2154 2034 5.0 1647799038
547382 47792 12173 5.0 1647807631
1398363 2154 2034 5.0 1647811405
345495 10156 6332 1.0 1647814166
208641 31765 26317 5.0 1647824989
208641 2037 1933 5.0 1647825592
564 1633 1564 5.0 1647829940
880063 13505 11636 5.0 1647875111
409789 7069 6307 5.0 1647877360
74824 4599 4178 5.0 1647879592
74824 45444 37330 5.0 1647880012
90154 17451 11396 5.0 1647895836
90154 6993 6244 1.0 1647896042
595 1760 1676 5.0 1647896224
595 1759 1675 5.0 1647898395
1241539 9411 8262 5.0 1647908603
1241539 23487 19671 5.0 1647908636
518041 31133 25832 5.0 1647947136
518041 45025 36990 5.0 1647947180
21649 22860 19157 5.0 1647948292
21853 12222 6332 1.0 1647966268
76042 6872 6133 5.0 1648021482
76042 439 433 5.0 1648022047
76042 15578 4727 5.0 1648022319
54376 12222 6332 2.0 1648043904
277756 29807 7549 4.0 1648044444
888064 3653 3365 5.0 1648057478
255545 8343 7387 5.0 1648060185
255545 13096 11305 3.0 1648066261
255545 2279 2147 1.0 1648067259
1241539 70749 57852 4.0 1648068135
214898 71791 18044 4.0 1648068859
307014 61866 50706 4.0 1648072527
307014 40618 33438 4.0 1648072590
480031 14019 4726 1.0 1648072678
307014 24338 20323 4.0 1648072892
676679 8927 7867 4.0 1648073531
563 1570 1504 5.0 1648078505
58707 40178 2208 4.0 1648081915
255545 44645 4963 5.0 1648084012
997663 13206 11396 4.0 1648089484
255545 32593 26973 5.0 1648090962
1498721 9021 7942 5.0 1648091706
311831 17333 14710 5.0 1648095005
103165 2038 1934 5.0 1648134115
103165 32593 26973 4.0 1648134190
543336 3759 29 5.0 1648152102
404559 13206 11396 3.0 1648159209
1391100 7796 6912 5.0 1648171164
1391100 60029 49166 5.0 1648171269
1391100 35713 29481 5.0 1648171316
1391100 44808 36811 5.0 1648171357
1391100 43422 35680 5.0 1648171407
547616 859 836 5.0 1648192547
444597 43899 36063 5.0 1648193255
132786 10440 9108 5.0 1648217779
518348 29161 14165 5.0 1648239919
328059 66211 40308 5.0 1648241200
543336 11168 3520 5.0 1648251593
543336 107182 9076 5.0 1648251740
158377 51911 4825 4.0 1648261941
563 1569 1503 5.0 1648282613
213376 859 836 5.0 1648323947
547732 74142 60625 5.0 1648326274
61849 30516 25385 5.0 1648333580
311831 5024 4548 5.0 1648336557
76432 10156 6332 1.0 1648341788
547616 35456 836 5.0 1648344677
156211 26740 22303 5.0 1648351840
255124 21075 17737 4.0 1648360880
10940 859 836 5.0 1648374384
244578 720 179 5.0 1648395485
158377 45313 37216 4.0 1648396573
793353 29161 14165 5.0 1648401423
793353 51912 28659 5.0 1648401574
793353 42788 11091 5.0 1648401627
793353 2154 2034 5.0 1648401720
793353 8221 7244 1.0 1648401798
793353 47610 19319 5.0 1648401898
793353 13752 179 5.0 1648401953
158377 47000 38553 5.0 1648403040
158377 23510 19687 5.0 1648403127
158377 62253 51014 3.0 1648407508
158377 65554 53707 4.0 1648407741
3124 177 177 5.0 1648409288
143044 62802 51452 1.0 1648416547
509356 859 836 3.0 1648427577
18239 20562 17323 3.0 1648500238
353586 859 836 5.0 1648527431
1741960 31122 14068 5.0 1648540609
63312 16972 14405 5.0 1648543751
61849 36779 30360 1.0 1648559248
38503 8146 7210 5.0 1648572731
1536615 43891 36059 5.0 1648577358
1536500 43556 35787 5.0 1648577582
547616 22859 14165 3.0 1648578156
547616 22246 14165 3.0 1648578214
547616 29161 14165 3.0 1648579408
96461 50992 41791 5.0 1648586750
958434 118434 19282 5.0 1648594805
345495 635 620 5.0 1648596921
69459 6928 6183 4.0 1648662318
582628 32693 27056 4.0 1648667087
74824 38031 11597 5.0 1648667813
676913 2271 2140 5.0 1648681090
1241539 20058 16909 5.0 1648684625
1241539 76907 62834 5.0 1648684741
456218 14945 1052 5.0 1648688338
444597 74560 60960 5.0 1648689393
282368 1570 1504 4.0 1648740611
376639 13206 11396 5.0 1648752217
545640 2952 1335 5.0 1648770848
545640 12648 1335 5.0 1648770899
545640 52977 43379 5.0 1648771029
545640 859 836 5.0 1648771112
545640 40046 32968 5.0 1648771203
176527 1234 1187 3.0 1648791375
158377 65553 6985 2.0 1648809932
225014 6566 5875 5.0 1648819826
143044 10010 8751 5.0 1648831414
18239 2517 2348 3.0 1648836686
17605 5369 4860 5.0 1648843112
58707 40177 33070 5.0 1648845020
302549 86049 2882 5.0 1648850561
167043 4627 4201 5.0 1648906599
58289 40046 32968 5.0 1648907808
87087 48989 25844 4.0 1648931466
87087 37117 30638 3.0 1648932754
1125192 21755 1748 5.0 1648933039
701334 2609 632 4.0 1648934465
1125192 8460 7481 5.0 1648941008
38503 25739 21472 5.0 1648953590
5330 1805 1720 5.0 1649001998
143044 62801 51451 4.0 1649010101
14803 10784 9394 5.0 1649014737
548164 1805 1720 5.0 1649034930
676870 13763 1657 4.0 1649065163
213460 8435 1675 5.0 1649093749
20459 914 888 5.0 1649095629
277756 9516 8347 3.0 1649101232
207090 859 836 5.0 1649112597
1803202 132200 108608 5.0 1649114351
547616 107577 6248 4.0 1649154538
547616 6997 6248 4.0 1649154600
480031 14464 12386 3.0 1649155522
480031 47948 39305 5.0 1649155630
277756 74079 21534 5.0 1649168485
376639 79829 23906 3.0 1649182660
737961 4566 4152 5.0 1649183489
376639 1085 1049 4.0 1649183746
376639 1054 1021 5.0 1649185112
150482 30775 25573 5.0 1649185550
376639 94115 77066 4.0 1649186165
69459 4858 3310 5.0 1649187755
69459 23019 19282 5.0 1649187836
69459 42566 9630 5.0 1649187901
69459 43887 36055 5.0 1649187975
69459 43886 36054 5.0 1649188111
69459 175 175 5.0 1649188227
69459 859 836 5.0 1649188400
1061334 40221 33109 3.0 1649195707
1061334 18967 16020 4.0 1649195782
1061334 4287 3913 4.0 1649195909
564 1632 1563 5.0 1649209738
880063 19734 16651 5.0 1649224478
880063 74316 60765 2.0 1649224691
880063 24829 1389 3.0 1649225150
61849 13694 11792 5.0 1649268616
107066 53760 44027 5.0 1649272847
17938 20335 17141 5.0 1649279243
1803202 18179 15381 4.0 1649280519
528502 95865 2647 1.0 1649284182
547616 13878 5805 5.0 1649289513
547616 15520 5805 5.0 1649289553
71739 17087 14505 5.0 1649289753
87087 8409 7445 5.0 1649297328
87087 8436 1675 5.0 1649297372
87087 8435 1675 5.0 1649297401
87087 8434 1675 5.0 1649297414
512083 5802 5232 1.0 1649310595
512083 31513 6384 1.0 1649310644
547732 1489 1428 4.0 1649313173
62301 7098 6332 5.0 1649337948
62301 41353 34015 4.0 1649340225
22075 22980 19246 2.0 1649340530
1536461 32366 4697 5.0 1649340917
132786 14207 12192 5.0 1649346672
132786 16681 14165 5.0 1649346718
234197 859 836 4.0 1649349567
398333 30550 19969 4.0 1649363934
857147 64111 52484 5.0 1649365614
208641 2039 1935 3.0 1649365823
208641 73857 17424 5.0 1649366212
21649 22859 14165 5.0 1649368906
718023 39516 19246 5.0 1649370047
171373 27646 23058 5.0 1649379089
171373 60018 49157 5.0 1649379107
18239 14819 12665 4.0 1649395425
76870 179 179 5.0 1649396584
38619 14634 12510 5.0 1649401220
30002 9516 8347 4.0 1649428099
62301 24508 20464 4.0 1649443805
62301 12826 5787 4.0 1649456388
62301 2150 58 4.0 1649456677
240489 42830 19237 4.0 1649462970
1036611 4552 2034 5.0 1649463731
919511 79793 65210 4.0 1649511766
244578 78877 50820 3.0 1649513276
117699 32593 26973 5.0 1649543388
117699 2036 1932 5.0 1649543475
1227827 34588 28568 5.0 1649601820
313174 7277 6489 5.0 1649604495
164983 23781 19889 2.0 1649610351
645114 41293 33965 5.0 1649615928
1320602 41475 34108 5.0 1649628698
119146 30620 25457 3.0 1649639316
119146 41576 9145 5.0 1649639372
119146 5370 4861 5.0 1649640169
119146 12326 10659 5.0 1649641608
301580 85918 70246 4.0 1649655148
63665 23357 19558 2.0 1649667425
251898 79793 65210 5.0 1649688821
1227715 67230 55039 5.0 1649693497
62301 4566 4152 5.0 1649706368
62301 13092 8505 1.0 1649706494
62301 2257 2129 3.0 1649706907
361213 859 836 4.0 1649708237
361213 92686 75919 5.0 1649708769
112965 55533 45469 5.0 1649724670
180130 1635 1565 3.0 1649725262
676913 52839 43267 5.0 1649745701
591356 21374 17974 5.0 1649757057
1536482 39691 32688 5.0 1649763794
103165 31765 26317 5.0 1649789886
180130 69438 45349 4.0 1649792313
8802 12992 11220 4.0 1649798053
143300 62827 1504 5.0 1649800359
1048269 15439 9108 4.0 1649807254
1048269 6566 5875 4.0 1649807905
543336 103404 42946 5.0 1649824238
137310 61764 50615 5.0 1649855832
272732 2154 2034 5.0 1649863472
547732 1864 1776 5.0 1649898474
78032 23105 861 4.0 1649914393
213376 14448 8949 4.0 1649931734
1536482 2271 2140 5.0 1649941916
1536482 2039 1935 5.0 1649942708
548719 1669 1596 1.0 1649953285
161452 31083 25794 2.0 1649954036
240489 2174 2053 5.0 1649955556
188308 665 649 5.0 1649965063
188308 31063 17745 5.0 1649969587
373304 93803 76817 1.0 1649978764
285160 50630 41494 4.0 1649987127
888235 5646 500 5.0 1650003026
888235 5658 5107 5.0 1650003238
919511 45443 37329 4.0 1650032594
548719 3043 2828 5.0 1650033384
310212 17405 14764 5.0 1650068217
422992 66778 39998 5.0 1650074592
169718 67594 5639 1.0 1650079126
169718 24646 20579 5.0 1650079166
547732 5007 4535 5.0 1650090842
676540 10009 8750 3.0 1650128358
402081 21542 2732 3.0 1650136944
240489 16847 14301 5.0 1650137255
919511 37117 30638 1.0 1650141347
1227827 45447 37332 4.0 1650152992
1227827 2042 1938 4.0 1650153025
1391100 114307 59731 5.0 1650158644
147395 63421 32130 1.0 1650212578
590984 43986 36134 5.0 1650215534
590984 11911 500 5.0 1650215784
60 176 176 4.0 1650227862
679324 74132 50847 4.0 1650228716
4291 8438 5963 5.0 1650242395
863393 1242 1194 1.0 1650245777
4291 1642 1572 4.0 1650246004
724044 13753 11840 3.0 1650248958
724044 16916 14359 4.0 1650249352
919511 86916 71079 4.0 1650289954
676913 70714 57827 5.0 1650302347
113596 23019 19282 5.0 1650305567
1589252 31142 25839 5.0 1650305825
213460 25127 20971 5.0 1650311704
252937 13714 7361 5.0 1650341509
252937 2175 2054 5.0 1650341787
158377 5958 5358 5.0 1650347125
255156 80226 65568 4.0 1650350282
21853 23063 19319 5.0 1650384611
255124 80211 65559 5.0 1650387933
1227715 69031 5805 5.0 1650391475
357920 39950 32894 4.0 1650396871
337159 37673 8899 5.0 1650396927
87087 48988 14286 4.0 1650408537
110212 54850 13348 5.0 1650411950
547451 44374 36456 5.0 1650415886
793353 81281 66436 5.0 1650417267
2112334 30911 25670 5.0 1650424155
456326 3029 2814 1.0 1650427305
548164 79215 64741 5.0 1650427783
1236118 100704 3893 5.0 1650427783
1236118 41866 34431 5.0 1650427831
1236118 2580 2408 5.0 1650427870
1236118 86108 11967 5.0 1650427943
1236118 80324 65654 5.0 1650427985
1236118 33575 27745 5.0 1650428052
1236118 18660 15771 5.0 1650428086
1236118 59524 1859 5.0 1650428164
1236118 2582 2410 5.0 1650428194
1236118 20270 17087 5.0 1650428227
1236118 32242 6132 5.0 1650428267
1236118 39463 32502 5.0 1650428324
1236118 4341 3960 5.0 1650428457
1236118 8284 7331 5.0 1650428516
158377 24748 20658 5.0 1650432522
158377 65552 14286 5.0 1650432669
1536500 73530 60122 5.0 1650447848
1536500 49264 40364 5.0 1650448236
391005 10813 9419 5.0 1650456949
4287 8409 7445 5.0 1650461638
547878 1305 1253 5.0 1650467626
305608 43884 36053 4.0 1650472285
213460 10009 8750 3.0 1650479636
909353 62511 51228 5.0 1650497512
430836 96264 14977 3.0 1650527193
103165 16829 14286 4.0 1650542591
213376 22649 18993 5.0 1650544911
187820 31266 25932 5.0 1650561349
262300 19732 3995 4.0 1650592660
403596 18523 15662 5.0 1650605836
919511 58850 48173 5.0 1650636597
109740 18090 1394 5.0 1650652734
128250 29161 14165 1.0 1650652808
625602 48273 39564 4.0 1650657158
282918 35146 29018 5.0 1650677891
107754 19143 16172 5.0 1650694710
1227827 15536 13242 5.0 1650731610
676887 73857 17424 5.0 1650772688
252937 26282 21917 5.0 1650773688
24537 11290 9443 5.0 1650778899
793353 20429 908 5.0 1650808616
143044 1759 1675 5.0 1650823357
143044 32529 26927 1.0 1650823755
373304 91839 75216 5.0 1650829723
373304 72911 59641 1.0 1650829922
373304 93801 76815 1.0 1650829966
373304 38057 31397 1.0 1650830281
373304 143 143 1.0 1650830576
373304 15206 12980 2.0 1650830669
373304 25559 21327 1.0 1650830691
373304 20678 17418 2.0 1650830806
373304 7056 6296 1.0 1650831071
373304 9207 8102 3.0 1650831131
373304 10132 6295 5.0 1650831282
373304 71811 58731 2.0 1650831449
373304 93800 66029 2.0 1650831526
321537 11174 9723 5.0 1650838775
257549 8669 7655 5.0 1650840596
321537 7796 6912 5.0 1650841443
321537 4417 4026 5.0 1650843019
879800 58437 9235 5.0 1650860907
879800 4892 4433 5.0 1650860988
547616 6566 5875 2.0 1650874368
3082 6570 5397 4.0 1650892126
3082 6569 5877 5.0 1650892920
3082 6568 5876 4.0 1650893425
146202 63183 51722 5.0 1650899082
115550 56221 46033 5.0 1650907376
1498721 15988 13600 3.0 1650913970
1498721 5463 4941 2.0 1650914707
117699 56740 20329 5.0 1650914798
311831 32764 27110 4.0 1650919040
136791 15932 13555 5.0 1650983516
262649 44645 4963 4.0 1650986384
396521 1748 1664 4.0 1650996785
301408 993 964 4.0 1650998850
1536289 5702 5148 4.0 1651005504
1049131 7185 6408 5.0 1651006756
112965 20040 16892 5.0 1651008392
391005 5216 4723 5.0 1651015720
391005 13668 11771 5.0 1651016278
676913 2771 2580 5.0 1651040037
137593 61880 50718 5.0 1651070908
17605 14115 12123 5.0 1651081677
1536844 88545 72491 5.0 1651085536
1536844 15775 13427 5.0 1651085720
1241539 43901 36065 5.0 1651090414
1241539 3309 3066 5.0 1651090464
22375 22246 14165 4.0 1651152598
953 2757 2569 5.0 1651155123
38503 32685 12864 5.0 1651179119
361213 10009 8750 4.0 1651180190
361213 91342 74809 5.0 1651180309
22070 21087 17747 2.0 1651185323
1558662 73590 60178 5.0 1651188367
361213 6405 5739 5.0 1651189696
361213 92685 75918 4.0 1651190258
361213 42566 9630 5.0 1651190554
361213 8927 7867 5.0 1651190662
547616 4434 2559 3.0 1651216024
547616 2747 2559 3.0 1651216350
3082 5192 4700 5.0 1651241586
3082 6567 1532 5.0 1651241879
101853 10784 9394 3.0 1651245188
610335 23308 3607 4.0 1651246834
255079 1635 1565 5.0 1651251440
208641 45443 37329 3.0 1651268971
444118 8528 7537 5.0 1651299554
962353 13635 3068 4.0 1651299611
213706 6567 1532 4.0 1651323207
120457 4434 2559 5.0 1651324479
527274 22859 14165 4.0 1651329981
780300 31130 25829 1.0 1651333598
780300 8210 194 5.0 1651333874
780300 1054 1021 5.0 1651334013
643720 68276 55853 5.0 1651349314
36521 177 177 5.0 1651355064
857147 35169 1566 5.0 1651366866
282918 18273 15460 5.0 1651375584
282918 49263 40363 4.0 1651375819
71739 19376 16368 5.0 1651376998
1549732 4434 2559 4.0 1651423481
83532 48050 39386 5.0 1651428558
120457 1256 1206 5.0 1651429667
38643 4434 2559 5.0 1651431791
396 1082 1046 1.0 1651465400
548051 25818 21534 4.0 1651507463
464738 61729 50582 5.0 1651513087
17913 20307 17118 5.0 1651515974
29529 28289 916 5.0 1651518775
32107 14502 12417 1.0 1651525868
32107 18946 16006 1.0 1651526938
36521 31774 26325 4.0 1651546054
796520 21041 17709 1.0 1651552598
203584 51927 42540 1.0 1651601738
373304 93799 76814 1.0 1651610849
361213 4434 2559 4.0 1651613004
361213 41073 4503 5.0 1651613246
361213 22981 5520 4.0 1651613626
182283 62032 50834 4.0 1651613690
203584 73092 59770 1.0 1651613715
203584 52321 42845 5.0 1651615968
444597 1915 1825 5.0 1651627594
444597 46609 3310 5.0 1651628171
444597 3593 3310 5.0 1651628352
676980 10010 8751 3.0 1651647648
21649 22858 14165 5.0 1651701594
676980 9929 8685 1.0 1651703848
34013 2994 2779 5.0 1651713211
1170714 33889 1487 5.0 1651713909
1170714 85391 4726 5.0 1651714149
34013 24350 2158 4.0 1651714254
34013 30646 24912 5.0 1651714733
46655 18794 3461 5.0 1651718479
171373 28074 23411 5.0 1651754925
171373 19572 16519 5.0 1651754942
171373 18106 15319 5.0 1651755164
282918 38031 11597 4.0 1651757681
953 2756 2568 5.0 1651757896
30002 27803 23194 5.0 1651768563
158377 65551 53706 5.0 1651770251
757808 14940 2034 5.0 1651773038
1061334 116224 95460 2.0 1651784852
2112334 51463 42176 5.0 1651785190
2112334 12826 5787 5.0 1651785306
2112334 9560 8381 5.0 1651785515
676980 51307 42053 4.0 1651794252
24537 25100 20947 5.0 1651810432
919511 20538 17303 5.0 1651848620
311831 15766 12351 5.0 1651853837
564051 33020 24898 4.0 1651856272
775301 6387 5723 5.0 1651865019
775301 3182 2027 5.0 1651865059
775301 6603 5906 5.0 1651865085
775301 8591 7590 5.0 1651865154
775301 27936 23299 5.0 1651865310
775301 8217 7273 5.0 1651865337
775301 17796 15078 5.0 1651865376
775301 2510 1904 5.0 1651865411
775301 9015 7270 5.0 1651865444
775301 1958 708 5.0 1651865473
775301 48516 39758 5.0 1651865585
775301 9798 8575 5.0 1651865686
775301 30730 12443 5.0 1651865740
775301 14479 1983 5.0 1651865907
775301 17094 14510 5.0 1651866180
775301 6659 5956 5.0 1651866223
775301 18165 15367 5.0 1651866329
775301 75957 62024 5.0 1651866358
775301 17867 15131 5.0 1651866442
775301 4162 3807 5.0 1651866645
282918 83745 68442 5.0 1651878539
563969 31122 14068 5.0 1651908078
902827 38621 4933 4.0 1651994085
1227827 14819 12665 3.0 1652026827
120457 57307 46905 5.0 1652032089
2218 5330 4826 4.0 1652049281
261396 584 571 5.0 1652052532
261396 9078 7988 5.0 1652052674
110212 54849 44884 5.0 1652097645
298049 3927 3612 5.0 1652123413
172331 35545 9108 1.0 1652124985
31510 29270 24373 5.0 1652125312
31510 29269 24372 5.0 1652125564
31510 29017 24177 5.0 1652125703
31510 29268 24371 3.0 1652126022
31510 1257 1153 5.0 1652126151
31510 9079 7989 4.0 1652126266
31510 5410 4895 5.0 1652126314
765684 24607 10308 5.0 1652130486
176527 13589 10600 5.0 1652132616
176527 37816 31195 5.0 1652133033
176527 13669 11772 5.0 1652133252
3124 6671 5964 3.0 1652143082
298049 3924 3609 1.0 1652148937
1536500 120591 98298 5.0 1652167984
1536500 73126 348 4.0 1652168199
1391100 23417 19617 5.0 1652205432
161186 1587 1520 5.0 1652209988
207628 671 655 4.0 1652216159
1036506 23805 19910 5.0 1652221097
1036506 5198 1044 3.0 1652221293
1036506 23613 17679 5.0 1652221352
676913 101790 40362 5.0 1652235854
564 1631 1561 4.0 1652235945
982651 4627 4201 5.0 1652296104
1831394 2057 1950 2.0 1652301058
1831394 7263 6475 5.0 1652301092
490654 2154 2034 5.0 1652307213
132491 21829 18329 5.0 1652317166
164983 66780 25227 4.0 1652321709
164983 56185 46006 4.0 1652321994
213376 74584 4842 4.0 1652361463
1536500 2268 2137 5.0 1652401311
1087435 23610 14165 1.0 1652406388
1170714 11127 9687 5.0 1652410946
919511 25552 21323 5.0 1652422978
953 2755 2567 5.0 1652444060
74824 2486 2323 3.0 1652454660
444597 1743 1659 5.0 1652464996
676540 5945 1561 5.0 1652479669
676540 83 83 4.0 1652486300
9795 4751 4311 1.0 1652496009
48955 36960 30514 5.0 1652502966
529257 92325 17931 3.0 1652515635
529257 36956 30510 5.0 1652515717
529257 8912 7855 4.0 1652515940
1061334 33853 27970 4.0 1652529190
826454 8669 7655 1.0 1652535463
953 2754 2566 5.0 1652537150
1537059 65555 53708 5.0 1652541949
119146 5699 5145 5.0 1652554449
164983 51246 42001 4.0 1652555834
1048269 15520 5805 4.0 1652559813
1048269 22246 14165 2.0 1652562613
595 1758 1674 5.0 1652564617
595 1757 1673 5.0 1652564713
1085596 2167 2046 4.0 1652564928
691176 1031 999 3.0 1652580918
262300 2044 1940 3.0 1652582616
298049 65962 54038 1.0 1652620015
298049 54857 44891 5.0 1652620445
2218 5329 4825 3.0 1652653524
43220 34604 28583 5.0 1652671440
373304 18795 15886 4.0 1652676123
373304 14572 986 3.0 1652676187
373304 93798 76813 1.0 1652676294
373304 49030 40176 1.0 1652676390
373304 42776 25626 2.0 1652676440
373304 664 648 1.0 1652677294
184906 70240 57441 5.0 1652701237
184906 54464 44570 5.0 1652701389
184906 70239 57440 5.0 1652701442
184906 18050 5116 5.0 1652701981
184906 2827 2630 5.0 1652703089
3082 6020 5412 5.0 1652712286
24537 6064 5450 5.0 1652719307
39954 33255 2186 5.0 1652721923
39954 33254 27493 5.0 1652722264
39954 33252 27492 5.0 1652722493
373304 54580 44673 1.0 1652729092
373304 62024 50828 2.0 1652729153
282321 2044 1940 4.0 1652733072
24537 12326 10659 5.0 1652758477
953 2753 2565 5.0 1652794395
876608 7889 2187 4.0 1652795143
318396 13191 809 5.0 1652796913
968771 25127 20971 4.0 1652802383
1536615 38056 31396 5.0 1652807395
563 1568 1502 5.0 1652816047
164 548 536 5.0 1652828510
2218 5328 4824 3.0 1652835907
1735870 6400 2468 4.0 1652854133
146202 603 589 5.0 1652885448
103165 5328 4824 5.0 1652887044
422992 6993 6244 5.0 1652891052
418697 2488 2324 2.0 1652910159
857147 5454 4933 5.0 1652911781
1170714 1243 1195 5.0 1652916777
404559 48967 21125 5.0 1652923163
117699 56739 46441 5.0 1652964419
117699 42501 34952 5.0 1652964888
158377 10009 8750 3.0 1652966916
158377 15072 12864 5.0 1652967019
876608 2487 2158 4.0 1652967037
158377 5328 4824 5.0 1652967614
101853 47178 38702 3.0 1652969224
605827 30009 24980 5.0 1652973828
18239 13694 11792 5.0 1652975783
285160 31765 26317 5.0 1653000331
285160 5703 5149 5.0 1653000393
373304 23945 20017 3.0 1653009324
211315 1257 1153 5.0 1653019529
18239 20561 17322 3.0 1653025734
444597 32907 7079 5.0 1653026819
1049556 59163 48433 5.0 1653033996
784357 43902 36066 4.0 1653056937
968549 78844 53539 4.0 1653060240
318396 1706 1627 5.0 1653062951
318396 31078 25790 5.0 1653063066
909353 26109 21777 5.0 1653072535
718023 74688 50933 4.0 1653073809
8036 510 500 4.0 1653081969
466180 60986 49950 5.0 1653095654
466180 60986 49950 5.0 1653095654
547616 4116 3769 5.0 1653098774
938022 42213 34723 5.0 1653099681
1426056 54647 33240 5.0 1653122282
446942 34273 22284 4.0 1653139795
262300 23510 19687 5.0 1653140826
1227827 16829 14286 4.0 1653149423
36521 31773 26324 5.0 1653159207
36521 31772 26323 4.0 1653160761
547616 7552 6725 4.0 1653160788
547616 98088 6725 4.0 1653160820
373304 67629 55352 1.0 1653169318
61642 38865 32034 5.0 1653180419
61642 9978 4 3.0 1653181170
390884 14940 2034 5.0 1653211926
282918 13412 11558 4.0 1653216084
38643 7796 6912 5.0 1653225068
14803 17818 2051 3.0 1653237309
373304 3799 3491 5.0 1653243356
78032 46494 19890 5.0 1653261701
997663 10440 9108 4.0 1653263060
676980 56446 46202 3.0 1653266643
185836 70411 57585 5.0 1653272334
83158 47882 20463 4.0 1653305537
272732 10010 8751 5.0 1653320771
318396 28246 23212 4.0 1653322402
318396 28248 7404 3.0 1653322776
318396 28247 11229 3.0 1653323025
133330 6997 6248 5.0 1653403609
947589 56450 46205 4.0 1653428842
361213 43891 36059 5.0 1653429445
361213 7796 6912 3.0 1653430367
89262 17755 11884 5.0 1653437994
83532 2036 1932 5.0 1653448924
373304 23653 19795 2.0 1653458917
547732 54849 44884 5.0 1653464498
74824 5699 5145 4.0 1653482107
318396 13018 11242 5.0 1653491016
318396 4316 3938 3.0 1653491445
213460 56446 46202 4.0 1653508090
272020 73915 47261 4.0 1653509240
272020 25032 612 5.0 1653509729
58129 34147 28208 5.0 1653511179
58129 39980 32920 5.0 1653511267
158377 8433 7465 1.0 1653511451
58129 15073 12865 5.0 1653511688
793353 16603 14108 5.0 1653516575
214666 33051 27332 4.0 1653538416
337159 5201 4708 5.0 1653579472
73748 1759 1675 5.0 1653583752
318396 1089 1053 3.0 1653590691
83158 47881 39248 5.0 1653592487
1891559 23759 19871 5.0 1653600671
1891559 4812 4362 5.0 1653600713
282321 6971 6225 5.0 1653605047
404559 32110 26588 5.0 1653615016
793353 40040 21897 5.0 1653621320
139226 11471 9977 5.0 1653626464
38503 5328 4824 5.0 1653673892
1125192 63292 51808 5.0 1653680496
404559 835 815 5.0 1653689839
219358 52070 42649 3.0 1653726910
311831 842 407 4.0 1653765089
609678 16127 13719 5.0 1653767888
282918 13317 11484 4.0 1653789545
282918 52888 43309 4.0 1653789671
176527 26633 1929 5.0 1653835448
20397 22057 811 5.0 1653836654
317295 64074 21897 2.0 1653838138
373304 3762 3461 5.0 1653839938
83532 48049 1934 5.0 1653840508
83532 9280 8160 4.0 1653840777
83532 2268 2137 4.0 1653841247
849286 112994 92806 5.0 1653850155
208641 63898 52316 5.0 1653856779
208641 73856 60392 5.0 1653856835
139226 1414 1358 5.0 1653861987
8802 13116 11324 5.0 1653868014
547616 65962 54038 2.0 1653888419
547616 36457 30096 2.0 1653888448
158377 65549 14286 5.0 1653888540
158377 65548 53704 5.0 1653888945
158377 65547 53703 5.0 1653889555
1139885 51927 42540 1.0 1653929447
1391100 5463 4941 5.0 1653951137
676913 20023 16875 5.0 1653971286
117699 85 85 5.0 1654000130
118564 43901 36065 2.0 1654019412
157211 65346 53543 4.0 1654030348
157211 939 913 4.0 1654032805
358798 92432 75714 1.0 1654044650
953 2752 2564 5.0 1654089566
318396 59514 48724 4.0 1654096397
318396 33199 27448 2.0 1654096814
797555 45443 37329 4.0 1654101529
793353 14200 12186 5.0 1654109105
518041 95425 78142 3.0 1654127280
439366 30833 25616 1.0 1654133161
661485 8473 7493 5.0 1654137072
309229 6908 6163 5.0 1654153108
321136 25711 21453 5.0 1654175862
173419 29161 14165 3.0 1654190382
318396 14533 8001 1.0 1654190992
307014 51463 42176 5.0 1654201779
953 2751 2563 5.0 1654205904
1498721 20581 17339 4.0 1654222622
1498721 14352 12302 5.0 1654222854
1498721 1928 1837 4.0 1654223102
1498721 10701 9324 4.0 1654223308
1061334 17712 15005 5.0 1654229552
314464 19780 6181 5.0 1654252260
314464 3340 3093 5.0 1654252288
314464 36206 29888 3.0 1654252414
314464 7540 6714 5.0 1654252450
314464 25062 20915 3.0 1654252654
318396 4634 4208 5.0 1654257233
74824 45443 37329 4.0 1654261088
953 2750 2562 5.0 1654267147
290345 43882 36051 4.0 1654269322
373304 16081 13683 1.0 1654293053
240489 54166 8910 5.0 1654323550
481176 5628 2130 5.0 1654359713
115550 3743 3446 5.0 1654363916
47011 6421 629 5.0 1654381719
902827 5327 1582 3.0 1654394135
78032 3925 3610 5.0 1654410455
1049131 36990 12669 5.0 1654415778
1049131 28824 7956 5.0 1654415807
1049131 10228 8927 5.0 1654415945
1049131 5637 5091 5.0 1654416019
1049131 112305 92248 5.0 1654416640
1049131 54447 44557 5.0 1654416881
1049131 3934 3619 2.0 1654417148
1049131 22974 6189 5.0 1654417176
1049131 1506 1443 5.0 1654417208
1049131 1505 1443 5.0 1654417277
1049131 4397 381 5.0 1654417338
1049131 42566 9630 4.0 1654417436
1049131 7224 6442 5.0 1654417463
317295 19065 16102 2.0 1654447110
36521 27086 22583 4.0 1654452249
255545 20638 17385 5.0 1654453104
255545 49073 40212 5.0 1654453210
154630 49331 40420 1.0 1654475814
788921 876 850 2.0 1654476700
1536289 33577 27747 5.0 1654481036
21843 23036 19246 5.0 1654488394
797555 63898 52316 4.0 1654493212
610335 103550 84914 4.0 1654525486
203123 72976 59693 3.0 1654529113
796651 5793 3063 5.0 1654533070
528502 35062 28942 4.0 1654551135
266670 81761 66821 5.0 1654557157
266670 13878 5805 1.0 1654557291
547652 56739 46441 4.0 1654575703
547652 5698 5144 5.0 1654576508
213479 31167 25305 5.0 1654585392
1536615 62748 51413 3.0 1654621176
188872 24501 20458 3.0 1654621624
421679 42376 34850 4.0 1654624489
421679 42376 34850 4.0 1654624489
21843 13579 11701 5.0 1654625469
21843 17448 14798 5.0 1654625739
21843 14940 2034 5.0 1654626002
21843 9448 8293 5.0 1654626098
21843 8927 7867 5.0 1654626281
30002 1629 1561 5.0 1654645365
5559 10011 8752 3.0 1654653186
909353 5602 5059 2.0 1654654930
876608 29368 24452 2.0 1654695758
2071120 65546 53702 5.0 1654709134
8802 5700 5146 5.0 1654728389
282918 51307 42053 5.0 1654752716
282918 12992 11220 5.0 1654752905
676887 603 589 5.0 1654777788
456218 6797 6070 4.0 1654817132
835868 187 187 3.0 1654821007
835868 2544 601 5.0 1654821118
547616 75612 1043 3.0 1654842182
547616 101185 82928 5.0 1654847885
547616 107575 88265 5.0 1654847963
547616 1079 1043 3.0 1654848104
266670 17712 15005 5.0 1654862866
876608 80634 65914 5.0 1654884536
2248 5484 4960 2.0 1654896327
661731 49700 40718 5.0 1654897320
661731 8866 7817 5.0 1654900451
661731 41073 4503 4.0 1654903458
661731 8706 7688 3.0 1654905627
10940 1079 1043 4.0 1654910235
563 1567 1501 5.0 1654917606
361213 23289 19513 2.0 1654920859
676913 2753 2565 5.0 1654924962
676913 103662 85010 5.0 1654926258
691176 89133 25788 4.0 1654962973
266670 41233 33915 5.0 1654968148
5559 10010 8751 5.0 1654970140
957651 14995 8312 4.0 1654979181
147395 1079 1043 3.0 1654996952
328059 1712 1631 5.0 1655004878
328059 89307 34455 5.0 1655008401
290345 1079 1043 3.0 1655045218
1188010 1079 1043 5.0 1655045267
250809 6908 6163 5.0 1655056329
132491 40753 33539 4.0 1655070725
25535 25644 21395 5.0 1655076350
3124 6670 5963 5.0 1655080472
290345 6512 1487 5.0 1655107670
438486 4373 3989 1.0 1655114142
34013 30645 25477 4.0 1655136695
34013 18477 5371 2.0 1655136781
34013 11549 43 2.0 1655136879
34013 30644 11410 5.0 1655136944
61058 40946 17804 1.0 1655136973
61058 40946 17804 1.0 1655136973
203123 7098 6332 3.0 1655139769
203123 23330 19542 5.0 1655141588
373304 1970 1878 1.0 1655143068
676926 75029 61299 5.0 1655145518
176952 68874 56339 4.0 1655163746
150482 9642 8443 5.0 1655166133
38643 1079 1043 5.0 1655168465
528502 5126 4639 4.0 1655174006
528502 106115 87091 4.0 1655202392
2071120 78844 53539 4.0 1655222387
169718 1197 1153 5.0 1655224940
203319 11121 9681 5.0 1655232723
129784 59361 36051 4.0 1655235426
1171764 17714 15007 2.0 1655238027
208641 5330 4826 5.0 1655238543
208641 603 589 5.0 1655238659
373304 25032 612 2.0 1655238923
373304 40962 33705 4.0 1655239038
373304 34021 28108 3.0 1655239078
373304 40522 33360 3.0 1655239114
373304 1597 1530 5.0 1655239177
691176 6566 5875 5.0 1655239306
528502 9997 8740 3.0 1655249926
81042 10440 9108 5.0 1655256129
953 2749 2561 5.0 1655305190
396 1080 1044 5.0 1655316169
116535 56450 46205 5.0 1655317975
213615 5192 4700 5.0 1655318238
116535 56449 46204 5.0 1655318334
116535 34604 28583 5.0 1655318532
116535 5698 5144 5.0 1655318787
373304 40872 33629 5.0 1655322597
373304 69057 56481 5.0 1655322712
373304 49473 38962 3.0 1655322768
373304 26164 687 3.0 1655322963
373304 1605 1537 4.0 1655323038
676913 24266 20268 5.0 1655327699
172737 57991 47455 4.0 1655328081
2218 5327 1582 4.0 1655329187
298049 23172 7153 5.0 1655332117
676980 47357 16807 5.0 1655353516
423697 24061 20101 5.0 1655363892
423697 56772 46468 5.0 1655364105
953 2748 2560 5.0 1655386146
953 2747 2559 2.0 1655386188
42781 34383 28402 3.0 1655390825
1227827 49798 40810 2.0 1655395699
775301 4013 3681 5.0 1655399962
775301 693 677 5.0 1655400228
775301 26696 21185 5.0 1655400260
775301 9698 882 5.0 1655400293
775301 3000 2785 5.0 1655400331
676870 15073 12865 5.0 1655402217
775301 3692 1403 5.0 1655404136
775301 10691 9318 5.0 1655404187
775301 5877 5296 5.0 1655404229
775301 14054 9875 5.0 1655404316
775301 4367 1192 5.0 1655404345
775301 53 53 5.0 1655404526
775301 19788 16693 5.0 1655404563
775301 39003 32146 5.0 1655404607
775301 819 800 5.0 1655404647
775301 79298 64810 5.0 1655404684
74824 32685 12864 5.0 1655404873
775301 1799 1714 5.0 1655404920
775301 5016 4543 5.0 1655406253
775301 766 749 4.0 1655406309
775301 25380 21173 5.0 1655406384
775301 11909 1368 5.0 1655406440
775301 2090 883 5.0 1655406557
775301 10854 1914 5.0 1655406577
775301 14533 8001 5.0 1655406725
863205 145 145 5.0 1655413913
1924448 59505 48716 5.0 1655415378
1924448 59712 48894 5.0 1655415633
255545 73126 348 5.0 1655422728
255545 78499 64150 5.0 1655424153
34013 28558 23806 2.0 1655428380
48671 22061 18522 3.0 1655442627
48671 16283 13850 4.0 1655442713
48671 4419 888 4.0 1655443968
953 2746 2558 5.0 1655477463
103165 52199 4603 4.0 1655480509
103165 52668 43126 4.0 1655480604
2071120 47357 16807 4.0 1655483384
947589 109201 58522 5.0 1655490634
99119 1152 861 4.0 1655494639
113596 55720 45623 5.0 1655494775
113596 3917 3602 5.0 1655494814
328659 2122 2008 1.0 1655511223
1143548 119767 98373 1.0 1655519814
144011 13613 11731 1.0 1655529233
43214 34587 28567 3.0 1655532025
676913 2686 2499 5.0 1655533216
953 2745 2557 5.0 1655561823
422992 17688 14987 5.0 1655576822
676540 2033 1929 5.0 1655596408
240489 51912 28659 5.0 1655599957
304012 46384 38065 5.0 1655609352
373304 93796 76811 3.0 1655614619
547616 43882 36051 3.0 1655634093
311591 39285 28659 2.0 1655640961
262649 81218 66389 5.0 1655652983
262649 19732 3995 4.0 1655653655
244578 9394 3819 3.0 1655663676
938022 76052 62098 4.0 1655671729
43220 6679 5971 5.0 1655674507
227316 76586 62548 5.0 1655677850
227316 2428 2275 5.0 1655677884
277870 71331 58335 5.0 1655700934
676980 8431 7463 5.0 1655705444
676980 8432 7464 5.0 1655707361
83158 47880 39247 2.0 1655724074
528502 78505 60276 4.0 1655792841
263339 81320 66468 4.0 1655813689
215345 1234 1187 5.0 1655819219
625602 75442 29038 5.0 1655826472
625602 41418 4298 5.0 1655826955
625602 5541 5009 1.0 1655840414
1201499 54098 44281 5.0 1655840463
797555 6619 5920 5.0 1655849131
797555 121158 99498 3.0 1655849724
543336 13989 12019 5.0 1655859539
214666 35461 14921 5.0 1655871327
219358 38183 7758 4.0 1655893248
691647 6453 5781 5.0 1655913350
22075 23312 19529 5.0 1655965502
277870 82737 67595 5.0 1655969229
18239 3511 3241 4.0 1655970753
277870 8436 1675 5.0 1655972199
158377 61131 24716 5.0 1655972485
953 2744 2556 5.0 1655991977
953 2743 2555 5.0 1655994100
136791 19152 16179 5.0 1655995966
876608 24789 4691 4.0 1656014560
251898 5226 4732 5.0 1656021168
411883 97117 79539 5.0 1656025397
836224 88610 72548 5.0 1656025692
167043 3921 3606 5.0 1656042900
547616 31023 25754 4.0 1656055216
547616 5413 4898 4.0 1656059806
16547 19308 16309 4.0 1656069742
1107620 35007 28904 3.0 1656086379
977089 9817 8592 5.0 1656105027
977089 14715 12585 4.0 1656105399
977089 7030 368 3.0 1656105643
1924448 32762 13782 5.0 1656105982
1924448 86423 70657 5.0 1656106226
444556 8588 6728 5.0 1656111366
444556 14959 12778 5.0 1656111420
285160 51911 4825 4.0 1656132691
285160 43324 35603 5.0 1656132786
285160 56443 12864 5.0 1656132879
285160 35147 29019 4.0 1656132959
45458 25850 5397 2.0 1656191208
547616 88720 25754 4.0 1656201837
761397 12793 11051 5.0 1656203385
654805 538 527 5.0 1656205660
1735870 117193 96275 4.0 1656219204
3124 1631 1561 4.0 1656223655
932706 26840 22388 4.0 1656226320
932706 48031 39372 5.0 1656226410
203584 67835 55518 5.0 1656266501
8802 13115 11323 2.0 1656273652
262649 1805 1720 5.0 1656273667
676913 2770 2579 5.0 1656273973
1558662 90566 74155 5.0 1656278197
654805 23011 14841 5.0 1656285072
654805 42566 9630 5.0 1656285101
625602 8104 7174 3.0 1656290093
363046 46358 38043 3.0 1656297734
213460 18053 15273 3.0 1656299880
19250 4308 3932 4.0 1656342552
1640 4174 3818 1.0 1656354454
161186 31023 25754 5.0 1656359700
78032 40522 33360 3.0 1656361576
174327 31153 29 5.0 1656371281
625602 2105 1991 4.0 1656373093
1188010 108279 88872 4.0 1656373173
45516 35544 29346 5.0 1656375502
654805 60679 49704 5.0 1656378080
654805 114307 59731 5.0 1656378118
1215054 108322 88910 5.0 1656408775
99119 1365 645 5.0 1656430259
376639 94114 77065 3.0 1656438020
376639 66999 54861 3.0 1656438537
376639 53488 43797 4.0 1656438724
361213 38400 31661 5.0 1656439380
361213 16144 13732 4.0 1656439733
1536615 30302 17580 1.0 1656445169
605480 11911 500 3.0 1656445911
1049165 15986 1016 3.0 1656456338
1049165 86460 70689 5.0 1656456613
180130 1636 1566 5.0 1656466819
1537059 2033 1929 5.0 1656473975
45904 2202 2079 5.0 1656505969
953 2742 2554 5.0 1656507478
74824 38621 4933 5.0 1656507934
953 2741 2553 5.0 1656511495
1536289 45443 37329 4.0 1656519234
978507 100947 29346 5.0 1656533649
977089 10531 9184 5.0 1656535318
977089 20458 17236 5.0 1656535648
977089 13945 11988 5.0 1656535747
977089 13371 4705 5.0 1656536036
977089 127291 104604 5.0 1656536093
977089 7711 1640 5.0 1656536227
977089 8317 7362 5.0 1656536341
977089 19460 16430 5.0 1656536404
977089 934 908 5.0 1656536512
977089 2366 2224 5.0 1656536977
563969 59314 48557 4.0 1656544484
180130 69437 56785 4.0 1656548623
157211 4851 4397 4.0 1656556722
157211 6121 3300 4.0 1656558144
144379 8432 7464 3.0 1656577146
144379 8429 7461 4.0 1656578693
60556 40769 33551 4.0 1656629622
85947 6964 6218 4.0 1656640183
1376725 3982 3657 5.0 1656641290
816839 121985 100190 5.0 1656652183
816839 32037 26530 5.0 1656652265
816839 59163 48433 5.0 1656652312
816839 816 797 5.0 1656652347
816839 23191 19424 5.0 1656652410
816839 28775 23978 5.0 1656652432
1335259 26633 1929 5.0 1656652607
411883 65737 51531 5.0 1656676030
1536482 56739 46441 5.0 1656681273
180130 34505 18673 4.0 1656695688
255124 1639 1569 5.0 1656698088
255124 69834 57113 5.0 1656698795
188308 70834 57920 5.0 1656707477
188308 40521 33359 5.0 1656707593
188308 21040 16692 5.0 1656707736
797555 66999 54861 4.0 1656712935
255545 31762 26315 5.0 1656720055
135404 5569 5033 3.0 1656729243
564 1630 1562 4.0 1656732054
564 1629 1561 5.0 1656732955
